5.61021E-04 
5.30805E-04 
1.55671E-04 
8.59311E-04 
8.75491E-04 
1.31719E-04 
1.73359E-04 
5.4537E-05 
6.76008E-04 
5.2212E-05 
4.1216E-05 
8.000321E-03 
1.86579E-04 
1.55279E-04 
6.1572E-05 
3.95448E-04 
4.9963E-04 
4.2895E-04 
3.20043E-04 
2.13663E-04 
6.8361E-05 
6.38216E-04 
5.12968E-04 
7.3537E-05 
6.943969E-03 
1.29105E-04 
7.003461E-03 
2.67461E-04 
4.02126E-04 
7.7574E-05 
3.8982E-04 
3.57157E-04 
1.23263E-04 
5.77766E-04 
4.0082E-05 
1.25349E-04 
6.55604E-03 
2.37935E-04 
1.42519E-04 
8.7859E-05 
2.55144E-04 
1.44173E-04 
2.78228E-04 
2.30261E-04 
7.04622E-03 
1.445358E-03 
6.476765E-03 
6.522695E-03 
1.29874E-04 
1.48799E-04 
2.6006372E-02 
6.388867E-03 
6.544661E-03 
3.85528E-04 
6.554144E-03 
2.04454E-04 
6.486596E-03 
7.057564E-03 
4.6363252E-02 
1.0632923E-02 
1.4524597E-02 
2.98518E-04 
6.492335E-03 
6.929463E-03 
1.03135E-04 
5.16099E-04 
8.8776E-05 
5.8667E-05 
1.10844E-04 
1.80976E-04 
1.54642E-04 
7.37188E-04 
5.74004E-03 
1.14488E-04 
2.68277E-04 
1.03175E-04 
5.16035E-04 
2.67582E-04 
6.515641E-03 
6.339836E-03 
1.3025474E-02 
3.206921E-03 
4.08466E-04 
1.2795E-04 
5.3775E-05 
1.2863E-04 
1.96099E-04 
6.326407E-03 
1.53834E-04 
1.9030785E-02 
7.765E-05 
5.4057E-05 
2.62607E-04 
1.40417E-04 
8.29142E-03 
1.11279E-04 
2.58146E-04 
2.86671E-04 
1.4438173E-02 
2.64124E-04 
2.84636E-04 
6.227648E-03 
1.69611E-04 
9.7429E-05 
6.35869E-03 
4.5592516E-02 
4.40557E-04 
3.1911E-04 
3.42898E-04 
1.4309916E-02 
5.32729E-04 
4.06645E-04 
8.4879E-05 
6.372034E-03 
6.246192E-03 
4.9079657E-02 
6.50007E-03 
3.07943E-04 
1.72372E-04 
4.96522E-04 
7.9997E-05 
3.429655E-03 
6.03927E-04 
8.7427E-05 
1.036267E-03 
1.39233E-04 
2.0081567E-02 
1.50844E-04 
4.48194E-04 
5.1823E-05 
2.87324E-04 
7.7012E-05 
4.5096781E-02 
2.12418E-04 
2.66337E-04 
2.3799E-04 
1.68458E-04 
6.30969E-04 
8.832E-05 
8.1242E-05 
1.8225663E-02 
3.93132E-04 
3.60634E-04 
2.98356E-04 
4.09215E-04 
1.0082E-04 
2.5979E-04 
6.02353E-04 
2.478013E-03 
9.9003E-05 
4.6427542E-02 
1.47945E-04 
2.21379E-04 
1.09665E-04 
4.42744E-04 
1.37813E-04 
1.45266E-04 
1.34558E-04 
3.37826E-04 
8.2177E-05 
1.84539E-04 
1.42763E-04 
2.05343E-04 
3.771813E-02 
2.67725E-04 
1.247589E-03 
1.20341E-04 
1.68693E-04 
6.446685E-03 
1.69393E-04 
1.02808E-04 
1.4766096E-02 
6.973706E-03 
5.42677E-04 
1.5903894E-02 
6.7164E-05 
1.6078019E-02 
1.64183E-04 
4.26522E-04 
2.83019E-04 
1.5289048E-02 
2.70109E-04 
5.7401E-05 
1.47336E-04 
6.271595E-03 
6.394443E-03 
1.31873E-04 
1.41361E-04 
1.56166E-04 
1.32382E-04 
2.02806E-04 
2.2247734E-02 
6.387E-05 
1.41835E-04 
3.76427E-03 
5.681E-05 
7.927E-05 
7.6271E-05 
5.89308E-04 
9.897827E-03 
3.94797E-04 
1.35671E-04 
1.91697E-04 
3.57023E-04 
1.08744E-04 
2.25258E-04 
5.2294E-05 
8.999174E-03 
6.86507E-04 
6.205275E-03 
1.63459E-04 
4.07131E-04 
2.81971E-04 
3.83628E-04 
1.79458E-04 
2.35672E-04 
1.0386E-04 
5.20551E-04 
1.2838E-04 
1.79365E-04 
6.412897E-03 
1.2109043E-02 
8.0799E-05 
1.4165E-04 
2.560324E-03 
3.85176E-04 
6.412041E-03 
5.24733E-04 
2.3247849E-02 
4.66137E-04 
3.39966E-04 
2.97244E-04 
6.0959E-05 
1.0207E-04 
1.0189585E-02 
1.45806E-04 
5.5471E-05 
1.7969255E-02 
6.252622E-03 
6.359283E-03 
3.0322928E-02 
6.340579E-03 
1.73462E-04 
7.992291E-03 
9.7078E-04 
9.72394E-04 
6.39562E-04 
1.40223E-04 
7.6528E-05 
1.0610936E-02 
5.1585E-04 
5.94542E-04 
1.67733E-04 
1.37269E-04 
1.92995E-04 
2.51073E-04 
2.55528E-04 
1.17823E-04 
8.704E-05 
4.09623E-04 
6.668049E-03 
6.52773E-03 
7.6877E-05 
7.096893E-03 
2.51651E-04 
1.20502E-04 
1.22485E-04 
4.7269E-05 
1.05538E-04 
5.14504E-04 
1.2957614E-02 
1.26258E-04 
7.84875E-04 
3.60149E-04 
1.43502E-04 
1.5623E-04 
1.35027E-04 
4.83586E-04 
5.81252E-04 
6.34469E-04 
1.01648E-04 
7.3686E-05 
1.01468E-04 
2.66723E-04 
9.282E-05 
1.35021E-04 
7.063974E-03 
6.585261E-03 
1.0547265E-02 
1.08457E-04 
1.92468E-04 
2.37586E-04 
2.78858E-04 
2.5463E-04 
9.1122E-05 
6.5628E-05 
5.85519E-04 
1.4257029E-02 
1.54638E-04 
1.67717E-04 
6.567008E-03 
4.0707E-04 
1.0603541E-02 
2.58982E-04 
8.0643E-05 
1.55298E-04 
6.509556E-03 
6.55817E-03 
4.2582E-05 
5.77687E-04 
5.26451E-04 
4.62827E-04 
1.7025E-04 
2.52028E-03 
2.464698E-03 
1.31209E-04 
1.94516E-04 
5.2665E-04 
1.94158E-04 
1.57805E-04 
1.00584E-04 
7.76315E-04 
8.3979E-05 
4.29943E-04 
9.499E-05 
2.12302E-04 
3.96652E-04 
5.21859E-04 
6.488553E-03 
7.1969E-05 
2.77107E-04 
2.72559E-04 
1.48866E-04 
6.6568E-05 
7.0704E-04 
9.63674E-04 
7.841E-05 
5.8496E-05 
9.6381E-05 
3.38269E-04 
1.2515E-04 
4.22766E-04 
7.8512E-05 
9.8706E-05 
6.1904E-05 
4.75181E-04 
5.0996E-05 
5.05246E-03 
3.83064E-04 
5.391103E-03 
5.9894E-05 
1.51692E-04 
2.48244E-04 
1.56388E-04 
7.6648E-05 
3.04369E-04 
9.31E-05 
2.46997E-04 
4.26162E-04 
7.19262E-04 
7.85864E-04 
7.6937E-05 
2.19092E-04 
4.753253E-03 
2.7403027E-02 
7.7879E-05 
1.11114E-04 
2.62929E-04 
1.06374E-04 
6.7433E-05 
4.88618E-04 
1.18578E-04 
7.0095E-03 
6.0871E-05 
6.6435E-05 
2.02761E-04 
3.191183E-02 
7.040632E-03 
6.495735E-03 
5.835125E-03 
2.80472E-04 
2.36243E-04 
2.59973E-04 
7.851958E-03 
1.07542E-04 
1.37239E-04 
1.2425328E-02 
7.3431E-05 
5.0198E-05 
1.7923E-04 
5.29304E-04 
1.4137715E-02 
1.60732E-04 
1.558463E-02 
5.27728E-04 
6.318432E-03 
2.2399451E-02 
2.2569131E-02 
5.86284E-04 
5.2035E-04 
2.0584776E-02 
6.556813E-03 
3.3635756E-02 
9.72691E-04 
4.66474E-04 
4.02594E-04 
3.14753E-04 
1.87011E-04 
2.2537E-04 
1.3360085E-02 
8.8849E-05 
8.25547E-03 
6.65E-05 
1.0404285E-02 
8.25027E-04 
1.73504E-04 
3.80698E-04 
3.89472E-04 
3.0285191E-02 
6.503016E-03 
8.65803E-04 
2.88774E-04 
2.05981E-04 
5.10041E-04 
1.83348E-04 
1.925065E-02 
5.916894E-03 
1.96592E-04 
2.07044E-04 
2.15692E-04 
4.12737E-04 
7.2796E-05 
6.2902E-05 
2.596109E-03 
1.39154E-04 
9.155E-05 
7.122743E-03 
1.2409095E-02 
6.401327E-03 
6.3522E-05 
2.06833E-04 
6.558499E-03 
8.46697E-04 
4.2992004E-02 
2.4812623E-02 
8.799405E-03 
1.83397E-04 
1.29215E-04 
2.3120048E-02 
6.429516E-03 
1.1304933E-02 
7.2788E-05 
9.8608E-05 
1.1393321E-02 
9.9224E-05 
1.49487E-04 
7.7445E-05 
9.8924E-05 
4.5083E-05 
8.2029E-05 
1.8026413E-02 
3.97137E-04 
2.1920709E-02 
1.098371E-02 
8.2255E-05 
6.636754E-03 
1.776262E-03 
2.23733E-04 
3.75722E-04 
2.94777E-04 
1.29484E-04 
9.1197E-05 
1.0998E-04 
2.279323E-03 
1.22192E-04 
2.134963E-03 
6.510582E-03 
4.6663E-05 
5.02424E-04 
1.902753E-02 
2.580398E-03 
6.325803E-03 
1.12419E-04 
2.28883E-04 
1.2849E-04 
2.95079E-04 
8.69147E-04 
9.1594E-05 
3.81847E-04 
6.2576E-04 
1.04967E-04 
3.4372438E-02 
1.35113E-04 
3.7355E-04 
2.59335E-04 
3.0508906E-02 
8.426E-05 
1.1093E-04 
7.9879E-05 
4.978475E-03 
7.311E-05 
4.44574E-04 
3.10631E-04 
4.81263E-04 
9.5428E-05 
7.6707E-05 
1.77711E-04 
9.8657E-05 
2.65577E-04 
4.653918E-03 
6.8317E-05 
4.4221E-04 
1.06568E-04 
1.8781483E-02 
3.48752E-04 
1.0715E-04 
2.98742E-04 
2.44908E-04 
8.212968E-03 
6.74013E-04 
6.91352E-04 
1.46869E-04 
3.0267E-04 
1.47696E-04 
5.22653E-04 
1.4474904E-02 
6.253368E-03 
7.38761E-04 
9.0966E-05 
7.487623E-03 
4.123769E-03 
9.579322E-03 
3.38675E-04 
3.52241E-04 
6.337397E-03 
3.771846E-02 
1.20012E-04 
2.9529E-04 
1.556357E-03 
1.75009E-04 
2.78599E-04 
1.14542E-04 
2.1710858E-02 
6.45893E-03 
1.06662E-04 
4.4946E-05 
7.8508E-05 
2.65992E-04 
2.89736E-04 
2.16468E-04 
1.0010951E-02 
6.275142E-03 
1.853614E-02 
2.93063E-04 
2.354826E-03 
2.87948E-04 
4.946543E-03 
2.32E-04 
1.53866E-04 
2.75676E-02 
1.06192E-04 
3.96828E-04 
2.2936E-04 
6.7873E-05 
1.26183E-04 
6.484017E-03 
4.345022E-02 
1.4322075E-02 
1.78677E-04 
1.34462E-04 
3.23191E-04 
6.445154E-03 
5.52897E-04 
1.92465E-04 
2.90186E-04 
2.07452E-04 
1.40089E-04 
1.89675E-04 
1.26594E-04 
1.37409E-04 
2.382315E-03 
1.27542E-04 
1.7747E-04 
4.18348E-04 
1.51688E-04 
1.91946E-04 
4.14201E-04 
1.74329E-04 
1.31491E-04 
1.39842E-04 
1.65731E-04 
4.03467E-04 
1.57572E-04 
1.96001E-04 
1.4954561E-02 
2.2849E-04 
1.51079E-04 
2.61443E-04 
6.256089E-03 
2.6435178E-02 
1.1154002E-02 
8.00628E-04 
4.53711E-04 
3.7504E-04 
1.36395E-04 
8.8452E-05 
4.41342E-04 
1.4305065E-02 
3.8396585E-02 
2.46812E-04 
2.70407E-04 
1.72451E-04 
7.27976E-04 
7.8703E-05 
1.98498E-04 
9.4026E-05 
2.22208E-04 
1.96581E-04 
1.49479E-04 
9.235E-05 
1.61462E-04 
8.6051E-05 
6.71693E-04 
6.268157E-03 
2.2266197E-02 
8.642068E-03 
6.3289E-05 
3.79784E-04 
4.81914E-04 
3.27354E-04 
1.4339758E-02 
1.98467E-04 
4.08031E-04 
6.62703E-04 
4.05572E-04 
3.0128E-04 
3.59601E-04 
8.2235904E-02 
6.635978E-03 
1.78241E-04 
2.50337E-04 
4.7189E-05 
1.80443E-04 
8.5558E-05 
9.6959E-05 
1.8301187E-02 
1.77066E-04 
5.8802E-05 
1.0313401E-02 
2.80078E-04 
3.0416814E-02 
6.249415E-03 
1.0512E-04 
3.72094E-04 
6.631022E-03 
2.43893E-04 
1.98544E-04 
1.01697E-04 
6.8969E-05 
5.8346E-05 
7.2901E-05 
3.69181E-04 
7.9846E-05 
3.71803E-04 
3.37415E-04 
4.12821E-04 
1.44028E-04 
6.1364E-03 
1.09046E-04 
1.20041E-04 
3.7361E-04 
8.5346E-05 
3.077663E-03 
7.950462E-03 
8.055857E-03 
7.969933E-03 
1.07317E-04 
2.78688E-04 
1.79062E-04 
2.13057E-04 
6.543242E-03 
2.33025E-04 
6.39888E-04 
2.6277E-04 
1.71591E-04 
1.12045E-04 
6.555984E-03 
2.0497E-04 
1.88489E-04 
2.474305E-03 
3.31164E-04 
3.0272E-04 
1.19269E-04 
5.3391E-05 
2.07188E-04 
1.10756E-04 
6.940681E-03 
1.44363E-04 
6.417088E-03 
6.588823E-03 
3.01439E-04 
4.83376E-04 
1.37396E-04 
5.9292E-05 
2.00351E-04 
4.84592E-04 
5.36834E-04 
1.70778E-04 
4.20618E-04 
1.2834E-04 
1.27416E-04 
2.81083E-04 
2.29765E-04 
1.9743E-04 
1.53468E-04 
1.41709E-04 
1.57576E-04 
1.0852081E-02 
6.414754E-03 
1.82181E-04 
8.1801E-05 
3.63769E-04 
3.68193E-04 
7.4986E-05 
5.9562E-05 
2.40298E-04 
5.536203E-03 
1.5184407E-02 
1.0158494E-02 
1.44681E-04 
2.93052E-04 
3.95435E-04 
1.68292E-04 
6.0714E-05 
2.60059E-04 
5.8411E-05 
2.05032E-04 
6.1452E-05 
4.32173E-04 
3.33975E-04 
