3.84873E-04 
3.70402E-04 
3.35825E-04 
5.02944E-04 
8.6303E-05 
6.3798E-05 
8.0207E-05 
2.12789E-04 
9.0726E-05 
1.03362E-04 
1.58365E-04 
6.7469E-05 
1.54356E-04 
4.22867E-03 
2.025668E-03 
5.88156E-04 
7.3726E-04 
1.11285E-04 
4.14033E-04 
2.52889E-04 
1.68502E-04 
7.8875E-05 
3.05526E-04 
1.35123E-04 
2.25996E-04 
5.714414E-03 
8.6242E-05 
1.85485E-04 
3.79592E-04 
2.87421E-04 
1.02488E-04 
1.02818E-04 
1.90533E-04 
1.7814472E-02 
3.80104E-04 
9.00511E-04 
2.22811E-04 
1.74291E-04 
6.55332E-04 
1.203853E-03 
1.03008E-04 
5.6319E-05 
1.02756E-04 
2.53774E-04 
4.73137E-04 
3.05077E-04 
3.56787E-04 
1.46155E-04 
1.30971E-04 
1.8606309E-02 
8.148E-05 
7.084E-05 
6.0109E-05 
5.4778E-04 
1.74673E-04 
6.66359E-04 
2.27626E-04 
1.9079886E-02 
1.68746E-04 
4.05033E-04 
3.73542E-04 
5.00943E-04 
3.4092E-04 
1.79617E-04 
1.35416E-04 
5.6842E-05 
3.21949E-04 
2.11696E-04 
9.7703E-05 
3.00158E-04 
1.19743E-04 
3.1822E-04 
3.26463E-04 
2.04685E-04 
1.04142E-04 
5.37154E-04 
2.51898E-04 
3.38311E-04 
5.5346E-05 
2.21067E-04 
1.79722E-04 
2.74879E-04 
5.70999E-04 
2.91563E-04 
2.15223E-04 
8.7025E-04 
8.8413E-05 
7.144E-04 
1.43163E-04 
2.17346E-04 
1.77979E-04 
9.83895E-04 
1.41298E-04 
1.04267E-04 
8.7945E-05 
1.05369E-04 
9.9617E-05 
2.31117E-04 
4.70597E-04 
2.10086E-04 
1.59111E-04 
1.9758E-04 
4.1738E-04 
9.1082E-05 
2.175805E-03 
2.10268E-03 
1.55075E-04 
4.98062E-04 
6.4982E-05 
4.02659E-04 
9.4569E-05 
2.63741E-04 
1.94412E-04 
1.92251E-04 
2.71175E-04 
1.7106E-04 
1.18461E-04 
1.18527E-04 
1.98105E-04 
1.59286E-04 
1.49418E-04 
2.08972E-04 
9.9077E-05 
2.58593E-04 
1.05171E-04 
8.58693E-04 
6.24433E-04 
1.28769E-04 
2.05032E-04 
7.3187E-05 
2.12924E-04 
1.27247E-04 
5.8829E-05 
1.44999E-04 
1.17992E-04 
9.7868E-05 
4.93695E-04 
9.1511E-04 
8.1849E-05 
2.60306E-04 
4.78295E-04 
4.51105E-04 
2.04552E-04 
1.42883E-04 
4.4424E-04 
1.40442E-04 
2.70002E-04 
2.08418E-04 
3.30108E-04 
9.3011E-05 
8.2187E-05 
3.37508E-04 
3.18791E-04 
3.38179E-04 
3.05515E-04 
5.581218E-03 
2.25503E-04 
6.0799E-05 
2.85005E-04 
4.1801E-04 
2.65384E-04 
5.63251E-04 
1.807133E-03 
1.10416E-04 
5.6093E-05 
7.2593E-05 
5.8183E-05 
3.8987E-04 
3.47659E-04 
1.902E-04 
1.97887E-04 
2.94598E-04 
2.123E-04 
4.72523E-04 
1.28517E-04 
3.99032E-04 
6.1128E-05 
1.74515E-04 
1.14506E-04 
1.02164E-04 
2.19642E-04 
1.61438E-04 
7.0552E-04 
8.8443E-05 
8.19988E-04 
1.4367982E-02 
2.47148E-04 
9.5727E-05 
1.88355E-04 
1.43426E-04 
1.0032E-04 
2.83511E-04 
2.38218E-04 
2.42315E-04 
5.48255E-04 
6.15449E-04 
9.8123E-05 
5.963367E-03 
9.4754E-05 
5.34361E-04 
3.68306E-04 
8.2459E-05 
1.97187E-04 
2.86759E-04 
7.636E-05 
2.18797E-04 
1.849755E-03 
2.12724E-04 
2.84903E-04 
1.55408E-04 
4.54211E-04 
9.60357E-04 
1.36843E-04 
2.66911E-04 
1.631794E-02 
1.07804E-04 
4.91145E-04 
7.68226E-04 
1.90662E-04 
3.45291E-04 
5.465661E-03 
4.62539E-04 
9.9468E-05 
5.2753E-05 
1.799925E-03 
2.02485E-04 
1.95593E-04 
3.36154E-04 
2.8347E-04 
2.29724E-04 
5.32837E-04 
2.615811E-03 
1.62606E-04 
1.22939E-04 
3.29163E-04 
1.40987E-04 
6.55362E-04 
1.91148E-04 
2.73331E-04 
6.31302E-04 
3.7446E-04 
6.63346E-04 
5.927E-05 
1.79639E-04 
8.3623E-05 
1.76387E-04 
8.2231E-05 
1.36268E-04 
2.15919E-04 
4.46212E-04 
1.41324E-04 
4.13483E-04 
2.59462E-04 
2.69369E-04 
6.388176E-03 
5.3282E-05 
1.39642E-04 
1.60857E-04 
2.76702E-04 
5.24208E-04 
1.29051E-04 
2.50233E-04 
1.08987E-04 
5.93427E-04 
1.5369E-04 
1.95512E-04 
1.33911E-04 
6.22222E-04 
6.91005E-04 
8.352E-05 
6.723932E-03 
4.33752E-04 
6.94621E-04 
2.64731E-04 
8.3693E-05 
1.038704E-03 
5.5258E-05 
5.01099E-04 
2.03326E-03 
9.486E-05 
1.34163E-04 
8.8214E-05 
2.128594E-03 
1.116454E-03 
1.32994E-04 
1.00012E-04 
2.18242E-04 
1.19838E-04 
1.39424E-04 
1.90869E-04 
7.425E-05 
2.4310905E-02 
2.1851833E-02 
5.340396E-03 
1.4297E-04 
1.196952E-03 
4.36023E-04 
1.12933E-04 
1.50198E-04 
1.70728E-04 
1.62046E-04 
1.40466E-04 
5.73944E-04 
1.47062E-04 
2.58596E-04 
1.53945E-04 
5.489055E-03 
5.726173E-03 
9.92115E-04 
1.701436E-03 
1.60436E-04 
6.17865E-04 
1.08056E-04 
9.742288E-03 
7.467E-05 
1.699468E-03 
3.08277E-04 
1.70179E-04 
1.90729E-04 
3.75137E-04 
8.83746E-04 
5.46807E-04 
4.589108E-03 
9.9792E-05 
3.21488E-04 
2.57568E-04 
2.89234E-04 
1.97191E-04 
9.657872E-03 
6.8329E-04 
3.59051E-04 
4.329425E-03 
1.72567E-04 
8.560042E-03 
2.33362E-04 
2.39003E-04 
5.446553E-03 
7.1017E-05 
5.494132E-03 
7.16433E-04 
2.11668E-04 
2.6636E-04 
6.93689E-04 
8.8328E-05 
1.5493E-04 
1.347878E-02 
1.0034297E-02 
5.650305E-03 
5.440237E-03 
5.632092E-03 
1.10891E-04 
6.7595E-05 
2.881778E-03 
2.1671294E-02 
5.696587E-03 
2.52488E-04 
1.764787E-03 
8.0962E-05 
5.418019E-03 
9.340457E-03 
8.5535E-05 
1.2159E-04 
7.7586E-05 
4.1371302E-02 
5.4713E-05 
1.58629E-04 
2.81361E-04 
5.0813E-05 
5.753049E-03 
2.70833E-04 
5.431557E-03 
4.59395E-04 
1.34888E-04 
6.42371E-04 
1.39111E-04 
4.28779E-04 
1.44614E-04 
2.68244E-04 
3.55998E-04 
9.9648E-05 
2.27403E-04 
1.58667E-04 
2.22215E-04 
7.8548E-05 
5.317611E-03 
5.626497E-03 
5.6495E-03 
2.39239E-04 
5.266826E-03 
1.56957E-04 
4.92757E-04 
3.43421E-03 
4.48449E-04 
1.51913E-04 
2.57582E-04 
5.7963E-05 
1.010717E-03 
1.0792787E-02 
1.51558E-04 
3.15069E-04 
4.19264E-04 
1.11676E-04 
5.685849E-03 
1.24335E-04 
6.70589E-04 
8.0434E-05 
5.519529E-03 
9.532743E-03 
1.1163188E-02 
5.56652E-03 
4.90113E-04 
1.6687867E-02 
5.618405E-03 
5.549099E-03 
2.66566E-04 
1.01139E-04 
5.66422E-03 
5.644342E-03 
3.96089E-04 
2.216E-04 
1.348761E-03 
5.575758E-03 
1.72207E-04 
1.7697218E-02 
3.26935E-04 
7.1733E-05 
1.62426E-04 
1.12241E-03 
1.15992E-04 
1.26204E-04 
7.6354E-05 
9.2153E-05 
2.24573E-04 
1.09126E-04 
5.545475E-03 
5.561871E-03 
1.387254E-03 
5.617568E-03 
1.75948E-04 
4.90035E-04 
5.505751E-03 
1.3953898E-02 
9.924669E-03 
7.3027E-05 
5.58963E-03 
1.0589E-04 
5.6265E-05 
6.85337E-04 
1.44801E-04 
1.74998E-04 
7.0292E-05 
4.74588E-04 
6.69115E-04 
3.0697E-04 
7.34052E-04 
1.76876E-04 
6.40147E-04 
5.595727E-03 
2.2038294E-02 
2.2742E-04 
3.24313E-04 
5.273609E-03 
1.46629E-04 
5.4288E-05 
2.26226E-04 
5.56926E-03 
5.413616E-03 
2.29762E-04 
2.96813E-04 
5.17937E-04 
9.7826E-05 
3.39142E-04 
1.15131E-04 
1.24723E-04 
8.6385E-05 
5.474135E-03 
5.7169E-05 
9.702998E-03 
5.46328E-04 
9.588812E-03 
6.6918E-05 
9.023E-05 
5.57372E-04 
8.4208E-05 
8.1815E-05 
5.317372E-03 
1.45493E-04 
2.68991E-04 
3.17603E-04 
2.19394E-04 
4.02705E-04 
1.01232E-04 
5.56717E-03 
5.654785E-03 
9.6035E-05 
3.18758E-04 
7.6036E-05 
3.08218E-04 
9.280457E-03 
5.565779E-03 
6.469E-04 
9.5057E-05 
2.3994E-04 
9.2857E-05 
3.21425E-04 
6.733E-05 
5.309887E-03 
5.551217E-03 
5.149748E-03 
5.334941E-03 
5.508269E-03 
5.044629E-03 
5.303173E-03 
3.52038E-04 
5.221583E-03 
5.239798E-03 
9.4172E-05 
1.09526E-04 
7.2222E-05 
5.305896E-03 
5.193456E-03 
5.33267E-03 
5.361014E-03 
2.0249E-04 
5.209048E-03 
5.530307E-03 
5.483E-03 
2.15427E-04 
3.15746E-04 
1.70297E-04 
5.45471E-03 
5.255143E-03 
3.025E-04 
5.529609E-03 
3.10632E-04 
2.60287E-04 
1.05451E-04 
1.7449E-04 
1.208624E-03 
7.831E-05 
5.530808E-03 
1.31292E-04 
5.339432E-03 
5.525621E-03 
5.448626E-03 
2.12723E-04 
5.50161E-04 
5.304729E-03 
2.48115E-04 
3.67946E-04 
1.25876E-04 
5.221995E-03 
5.424733E-03 
5.26061E-03 
5.494477E-03 
2.87981E-04 
2.67595E-04 
2.57428E-04 
6.27226E-04 
1.053322E-03 
1.179524E-03 
1.88346E-04 
7.1668E-05 
1.19233E-04 
5.65295E-04 
1.18252E-04 
5.405117E-03 
1.80814E-04 
1.39642E-04 
4.48133E-04 
1.17029E-04 
2.22833E-04 
5.03387E-04 
1.34182E-04 
5.182071E-03 
8.9113E-05 
5.457772E-03 
6.6138E-05 
7.8136E-05 
1.54288E-04 
8.2677E-05 
2.57399E-04 
4.970974E-03 
1.52892E-04 
5.195488E-03 
7.476574E-03 
5.413143E-03 
1.05165E-04 
5.361819E-03 
9.207388E-03 
1.69929E-04 
5.19504E-03 
2.59585E-04 
5.049658E-03 
5.484975E-03 
5.91193E-04 
2.58419E-04 
5.449803E-03 
3.08612E-04 
8.9386E-05 
1.68793E-04 
2.5710296E-02 
4.40904E-04 
3.19099E-04 
2.43227E-04 
8.1342E-05 
4.68943E-04 
1.74169E-04 
1.2585E-04 
5.423357E-03 
1.56843E-04 
5.411373E-03 
1.49446E-04 
3.8504E-04 
1.02973E-04 
1.405642E-03 
2.0812E-04 
2.7257E-04 
1.87239E-04 
4.74849E-04 
1.04635E-04 
6.25296E-04 
5.85792E-04 
1.92217E-04 
6.2227E-05 
3.89482E-04 
2.43019E-04 
1.1108184E-02 
1.12933E-04 
1.386108E-03 
1.7134702E-02 
4.09175E-04 
3.30302E-04 
2.07572E-04 
1.90795E-04 
5.390132E-03 
6.568E-05 
3.87505E-04 
1.69371E-04 
2.27613E-04 
5.349356E-03 
5.11416E-03 
5.137884E-03 
5.363407E-03 
5.470939E-03 
1.3154E-04 
1.73268E-04 
9.90766E-04 
1.27276E-04 
1.101765E-03 
8.996E-05 
6.0731E-05 
1.73467E-04 
1.07861E-03 
1.14444E-04 
5.076794E-03 
5.165446E-03 
1.71946E-04 
5.490165E-03 
5.391786E-03 
1.47092E-04 
7.5364E-05 
6.84682E-04 
5.390483E-03 
1.55938E-04 
4.950146E-03 
3.55809E-04 
9.9601E-05 
5.05459E-03 
8.3609E-05 
2.2606E-04 
2.06984E-04 
1.84566E-04 
6.08245E-04 
2.17874E-04 
7.213525E-03 
1.690481E-02 
5.128875E-03 
4.994641E-03 
2.73502E-04 
8.1131E-05 
1.82548E-04 
1.105857E-03 
3.28958E-04 
7.8635E-05 
2.83509E-04 
2.11957E-04 
4.185746E-03 
5.33443E-03 
5.35617E-03 
5.414693E-03 
2.5917518E-02 
5.337439E-03 
5.420863E-03 
6.360461E-03 
9.21538E-03 
5.041622E-03 
7.1294E-05 
1.08335E-04 
3.77937E-04 
5.289591E-03 
4.657297E-03 
1.64631E-04 
4.999494E-03 
8.605686E-03 
1.2941136E-02 
8.0994726E-02 
1.3445824E-02 
2.460679E-03 
2.05785E-04 
1.4505E-04 
5.047675E-03 
5.968813E-03 
5.333637E-03 
4.868458E-03 
5.336668E-03 
5.55485E-03 
1.3155049E-02 
5.323295E-03 
2.59801E-04 
3.00131E-04 
4.77263E-04 
1.269144E-03 
5.259124E-03 
3.60436E-03 
5.095019E-03 
2.47698E-04 
4.978284E-03 
5.284376E-03 
5.359194E-03 
4.69064E-04 
9.7032E-05 
4.59454E-04 
2.1029881E-02 
1.97048E-04 
5.249959E-03 
5.102019E-03 
4.40994E-04 
5.32266E-04 
1.3420989E-02 
9.7593E-05 
9.4185E-05 
5.222342E-03 
2.21502E-04 
4.88968E-04 
5.015026E-03 
5.282885E-03 
5.006945E-03 
2.50807E-04 
1.317256E-03 
3.04329E-04 
1.320027E-03 
1.38546E-04 
1.38389E-04 
1.75052E-04 
8.9998E-05 
1.89169E-04 
1.114049E-03 
1.30673E-04 
1.39101E-04 
3.70909E-04 
1.41692E-04 
6.7103E-05 
2.47642E-04 
2.68591E-04 
1.150344E-03 
1.07074E-04 
4.43607E-04 
1.3087E-03 
1.55231E-04 
9.6474E-05 
1.06451E-04 
1.16339E-04 
1.271049E-03 
1.326E-04 
3.21785E-04 
8.39986E-04 
7.6741E-05 
7.07229E-04 
1.45259E-04 
1.94856E-04 
1.39427E-04 
4.992487E-03 
2.6641E-04 
1.51456E-04 
3.54044E-04 
7.7931E-05 
5.285295E-03 
5.5503E-05 
2.3426E-04 
3.16161E-04 
7.835293E-03 
1.30041E-04 
3.93715E-04 
3.22197E-04 
4.832706E-03 
4.8579E-03 
4.950033E-03 
4.901883E-03 
4.949538E-03 
4.769223E-03 
5.195882E-03 
1.97726E-04 
1.82951E-04 
2.09551E-04 
1.47428E-04 
6.3712E-05 
1.914609E-03 
4.10331E-04 
2.24351E-04 
7.571199E-03 
4.821129E-03 
5.056108E-03 
2.100569E-03 
1.13926E-04 
1.49255E-04 
8.8017E-05 
5.115495E-03 
1.24237E-04 
4.677934E-03 
2.0838982E-02 
9.3521E-05 
5.053698E-03 
7.618622E-03 
8.9304E-05 
2.05932E-04 
2.0947604E-02 
4.167465E-03 
4.34503E-04 
6.3229E-05 
8.3403E-05 
4.814871E-03 
8.1271E-05 
2.66986E-04 
9.0748E-05 
4.22106E-04 
1.38295E-04 
2.31227E-04 
1.79856E-04 
4.20538E-04 
5.045539E-03 
9.0808E-05 
2.30769E-04 
4.08341E-04 
2.69332E-04 
8.0097E-03 
5.016803E-03 
6.531562E-03 
4.971322E-03 
5.057323E-03 
1.61986E-04 
2.535E-04 
4.569891E-03 
1.06555E-04 
3.24553E-04 
4.645647E-03 
2.67974E-04 
7.747431E-03 
4.941773E-03 
9.6146E-05 
5.0448E-04 
4.937007E-03 
1.06587E-04 
1.57474E-04 
1.3928E-04 
3.21235E-04 
4.585482E-03 
3.82552E-04 
4.331309E-03 
4.905932E-03 
4.14512E-03 
4.521018E-03 
2.40015E-04 
4.942482E-03 
7.2502E-05 
4.54193E-03 
3.961583E-03 
3.46798E-04 
2.00644E-04 
1.45635E-04 
2.20784E-04 
3.31246E-04 
6.9346E-05 
7.52015E-04 
9.1932E-05 
8.85095E-04 
4.89718E-03 
1.32662E-04 
3.98293E-04 
2.7026E-04 
4.28958E-04 
2.54308E-04 
2.21389E-04 
6.3686E-05 
8.19892E-04 
1.04221E-04 
1.0801E-04 
1.54706E-04 
4.40286E-04 
3.34958E-04 
1.24662E-04 
1.26522E-04 
2.0519069E-02 
1.01757E-03 
6.412959E-03 
3.2704E-04 
2.33519E-04 
1.69014E-04 
6.574007E-03 
2.11579E-04 
1.76171E-04 
3.73285E-04 
6.2215E-05 
1.3179053E-02 
5.4186E-05 
6.403421E-03 
2.70746E-04 
6.422454E-03 
3.27044E-04 
2.4908E-04 
3.46119E-04 
6.46944E-03 
5.55676E-04 
2.923933E-03 
1.38603E-04 
6.438857E-03 
1.0287847E-02 
7.029661E-03 
2.77461E-04 
1.20266E-04 
9.074071E-03 
1.34974E-04 
1.954584E-03 
4.734956E-03 
1.44878E-04 
1.25765E-04 
1.57628E-04 
1.7361695E-02 
1.72269E-04 
3.13966E-04 
6.78631E-04 
1.15867E-04 
2.45329E-04 
2.24586E-04 
2.58116E-03 
7.13266E-04 
1.00422E-04 
2.762847E-03 
7.242747E-03 
1.28337E-04 
5.30544E-04 
2.494205E-03 
1.16671E-04 
2.53573E-04 
1.28214E-04 
2.16448E-04 
2.155031E-03 
1.3776E-04 
8.9437E-05 
5.86602E-04 
1.23767E-04 
1.99645E-04 
4.04553E-04 
2.59279E-04 
6.6354E-05 
5.3062E-05 
4.120911E-03 
7.5919E-05 
7.637E-05 
8.4382E-05 
6.278928E-03 
6.695923E-03 
2.40258E-04 
8.9596E-05 
5.7066E-05 
1.7156E-04 
1.52471E-04 
6.038458E-03 
2.51751E-04 
9.8992E-05 
2.63386E-04 
6.260407E-03 
4.36687E-04 
1.86228E-04 
4.32421E-04 
9.6391E-05 
1.8177E-04 
6.240078E-03 
5.10454E-04 
1.86632E-04 
1.52127E-04 
3.64105E-04 
3.10511E-04 
1.39494E-04 
1.57289E-04 
1.53181E-04 
3.89391E-04 
2.49446E-04 
8.4582E-05 
9.8835E-05 
6.267078E-03 
1.9709E-04 
1.08388E-04 
2.45544E-04 
2.20016E-04 
3.91598E-04 
2.61644E-04 
6.21183E-04 
1.5281911E-02 
8.8758E-05 
1.51853E-04 
1.48367E-04 
1.8204376E-02 
4.28597E-04 
6.148428E-03 
1.60957E-04 
1.02656E-04 
5.966203E-03 
1.007444E-03 
5.50718E-04 
1.522066E-03 
1.8173796E-02 
1.29764E-04 
9.7745E-05 
5.16703E-04 
7.56956E-04 
1.099697E-03 
5.9687E-05 
1.3581E-04 
2.42726E-04 
7.0551E-05 
3.29413E-04 
1.06202E-04 
2.98108E-04 
2.16596E-04 
6.87491E-04 
2.61541E-04 
6.7018E-05 
9.5721E-04 
1.1575E-04 
2.90608E-04 
1.35205E-04 
1.94248E-04 
2.5164E-04 
3.05756E-04 
2.97463E-04 
7.4953E-05 
6.81665E-04 
1.41445E-04 
3.8247E-04 
5.45555E-04 
8.7629E-04 
6.5685E-05 
9.7525E-05 
1.077228E-03 
1.941401E-03 
4.19183E-04 
5.77853E-03 
7.34598E-04 
1.290069E-02 
1.86405E-04 
3.52671E-04 
1.72947E-04 
1.0011881E-02 
1.99843E-04 
1.76774E-04 
3.11348E-04 
5.8188E-05 
1.75085E-04 
5.6318E-05 
6.9602E-05 
2.228684E-03 
1.65553E-04 
7.6598E-05 
1.3878E-04 
2.77819E-04 
4.2093E-04 
6.3102E-05 
1.90452E-04 
4.53044E-04 
2.29812E-04 
1.265572E-03 
2.67538E-04 
1.6616E-04 
1.23872E-04 
2.54561E-04 
3.37558E-04 
1.06074E-04 
2.18466E-04 
2.54598E-04 
3.04114E-04 
1.40504E-04 
6.26468E-04 
6.3462E-05 
9.6586E-05 
2.95043E-04 
7.39169E-04 
6.3742E-05 
2.2968E-04 
2.13611E-04 
5.856131E-03 
1.08389E-04 
4.616E-05 
3.98794E-04 
5.52205E-04 
6.50409E-04 
6.5983E-05 
4.87437E-04 
8.4465E-05 
3.71815E-04 
4.9958E-04 
1.54872E-04 
6.29182E-04 
2.41379E-04 
6.6555E-05 
1.7542E-04 
5.943813E-03 
2.48625E-04 
1.85692E-04 
4.35326E-04 
8.9627E-05 
9.2043E-05 
1.91667E-04 
9.8921E-05 
1.4008E-04 
9.5207E-05 
3.88633E-04 
3.489652E-03 
2.46507E-04 
3.089398E-03 
3.81547E-04 
1.81299E-04 
5.78834E-04 
2.35431E-04 
1.7767E-04 
4.24735E-04 
8.7034E-05 
1.0763E-04 
1.85924E-04 
1.81126E-04 
1.7699564E-02 
2.52628E-04 
7.8571E-05 
4.5255E-04 
3.21704E-04 
4.56948E-04 
2.3644E-04 
4.25055E-04 
1.80158E-04 
5.511E-05 
2.77537E-04 
1.30838E-04 
9.8261E-05 
2.4962E-04 
2.14354E-04 
5.19655E-04 
1.55557E-04 
1.92767E-04 
5.642494E-03 
1.71628E-03 
4.70487E-04 
3.90406E-04 
3.96332E-04 
5.22402E-04 
5.3977E-04 
8.23656E-04 
1.336058E-03 
1.753464E-03 
4.44039E-04 
3.15409E-04 
2.65498E-04 
8.0351E-05 
9.43484E-04 
1.48366E-04 
1.50824E-04 
1.51268E-04 
7.0477E-05 
1.47491E-04 
3.51126E-04 
7.2584E-05 
1.33918E-04 
1.86632E-04 
6.825E-05 
7.4927E-05 
5.8905E-05 
1.51473E-04 
5.621336E-03 
1.15648E-04 
7.08176E-04 
5.3185E-05 
4.0359E-04 
1.75338E-04 
2.58553E-04 
7.0752E-05 
3.76759E-04 
8.8942E-05 
5.04762E-04 
2.36385E-04 
2.09905E-04 
4.152841E-03 
4.60819E-04 
9.3605E-05 
2.38961E-04 
2.90183E-04 
5.866823E-03 
2.41448E-04 
2.32578E-04 
1.26343E-04 
5.9905E-05 
2.05204E-04 
1.30437E-04 
6.8154E-05 
1.09745E-04 
1.87286E-04 
6.5527E-05 
1.517415E-03 
2.00163E-04 
4.06184E-04 
1.62004E-04 
3.6951E-04 
3.09993E-04 
2.85979E-04 
1.10968E-04 
3.37193E-04 
2.94904E-04 
7.7503E-05 
5.740281E-03 
2.01617E-04 
5.828951E-03 
5.739028E-03 
1.496968E-03 
5.723488E-03 
7.16932E-04 
4.12157E-04 
2.11651E-04 
2.29688E-04 
5.320689E-03 
7.50712E-04 
3.183909E-03 
1.10708E-04 
5.672957E-03 
5.77288E-03 
5.49764E-03 
1.88051E-04 
5.558889E-03 
4.195082E-03 
6.605384E-03 
1.49618E-04 
5.622615E-03 
2.64269E-04 
5.651921E-03 
2.58193E-04 
3.47622E-04 
2.01212E-04 
2.41776E-04 
1.96731E-04 
5.615936E-03 
5.961362E-03 
5.762838E-03 
4.13744E-04 
3.09566E-04 
3.06336E-04 
6.048726E-03 
5.352965E-03 
1.14374E-04 
2.01708E-04 
7.2201E-05 
5.382587E-03 
4.749045E-03 
1.97509E-04 
4.31122E-04 
1.3571592E-02 
9.497E-05 
5.549325E-03 
3.92702E-04 
1.02925E-04 
1.94452E-04 
2.48315E-04 
7.8821E-05 
3.43885E-04 
4.49363E-04 
4.897345E-03 
8.6237E-05 
8.92846E-04 
2.65272E-04 
1.31552E-04 
4.10802E-04 
2.82982E-04 
7.3638E-05 
9.7395E-05 
1.2861E-04 
1.28821E-04 
3.64993E-04 
2.59224E-04 
5.461799E-03 
2.76311E-04 
6.37666E-04 
1.21856E-04 
1.41719E-04 
2.42066E-04 
2.3298E-04 
9.7065E-05 
5.710421E-03 
1.34606E-04 
1.76195E-04 
1.7657209E-02 
1.81544E-04 
5.507838E-03 
1.37233E-04 
2.6619E-04 
6.29289E-04 
5.4509E-05 
2.61009E-04 
1.06018E-04 
1.83558E-04 
1.0526556E-02 
2.02474E-04 
5.386845E-03 
5.8976E-05 
9.646555E-03 
1.41436E-04 
2.67498E-03 
1.93415E-04 
8.404842E-03 
2.0161337E-02 
5.5772E-05 
1.585094E-03 
8.6383E-05 
5.23069E-04 
1.08852E-04 
7.0806E-05 
3.77385E-04 
1.571833E-02 
5.452726E-03 
5.428245E-03 
5.614003E-03 
1.92375E-04 
2.36131E-04 
4.71266E-04 
1.79529E-04 
9.4858E-05 
1.4449E-04 
4.0495E-04 
9.6278E-05 
3.43702E-04 
1.26335E-04 
1.03018E-04 
2.06639E-04 
1.54263E-04 
1.0314931E-02 
9.709652E-03 
5.596006E-03 
1.562763E-03 
2.63338E-04 
8.6069E-05 
8.0753E-05 
1.94282E-04 
6.7319E-05 
2.77648E-04 
4.67072E-04 
8.350163E-03 
3.49511E-04 
2.03466E-04 
5.91192E-04 
2.65905E-04 
2.20672E-04 
2.54226E-04 
2.12175E-04 
1.10956E-04 
1.41346E-04 
5.426997E-03 
5.16196E-04 
5.39484E-04 
4.29384E-04 
7.73481E-04 
3.54721E-04 
2.88961E-04 
3.5783E-04 
1.0747247E-02 
1.66887E-04 
1.98162E-04 
6.946481E-03 
1.60466E-04 
5.582381E-03 
1.0589944E-02 
1.16389E-04 
1.5639E-04 
6.41777E-04 
6.3586E-05 
2.11855E-04 
5.8728E-05 
1.487232E-03 
1.41306E-04 
6.5406E-05 
9.9266E-05 
5.9508E-05 
5.556905E-03 
5.070053E-03 
4.49265E-04 
5.356897E-03 
5.284E-05 
9.8129E-05 
3.88076E-04 
1.13831E-04 
1.06108E-04 
5.322422E-03 
2.44387E-04 
2.70565E-04 
4.2601E-04 
5.391056E-03 
1.9302851E-02 
6.824E-05 
1.199904E-03 
1.318491E-03 
7.4811E-05 
5.48145E-04 
1.00367E-04 
9.7088E-05 
3.37227E-04 
8.2256E-05 
5.183944E-03 
5.346729E-03 
5.236009E-03 
1.26559E-04 
5.539772E-03 
4.27464E-04 
5.16698E-04 
3.24117E-04 
1.59658E-04 
7.4137E-05 
2.50727E-04 
3.49773E-04 
1.51309E-04 
9.1676E-05 
8.08319E-04 
1.35638E-04 
1.119713E-02 
5.457752E-03 
5.29386E-03 
4.17749E-04 
1.56361E-04 
2.77595E-04 
1.7324E-04 
1.69926E-04 
1.28447E-04 
2.41899E-04 
3.103699E-03 
5.308652E-03 
5.505627E-03 
5.157506E-03 
3.55E-04 
9.2762E-05 
1.7296075E-02 
1.539409E-03 
1.32624E-04 
1.46664E-04 
1.84678E-04 
1.60707E-04 
5.517622E-03 
5.73048E-04 
1.40096E-04 
2.19155E-04 
5.46234E-03 
1.5631421E-02 
1.3471052E-02 
5.550496E-03 
5.203374E-03 
2.8847E-04 
3.34725E-04 
3.33685E-04 
1.41224E-04 
5.261293E-03 
9.99673E-03 
5.280997E-03 
5.26253E-03 
3.90928E-04 
6.596E-05 
1.31962E-04 
1.27183E-04 
5.433971E-03 
6.20915E-04 
2.4721E-04 
1.175347E-03 
1.70453E-04 
6.7052E-05 
2.38496E-04 
9.69895E-04 
5.145299E-03 
5.69131E-03 
1.1983E-04 
6.4643E-05 
1.55838E-04 
5.65761E-04 
2.19181E-04 
1.62633E-04 
1.14476E-04 
5.125358E-03 
5.524641E-03 
5.183246E-03 
1.3583607E-02 
8.5149E-05 
3.34986E-04 
7.332E-05 
5.494631E-03 
5.43328E-03 
3.11553E-04 
1.097662E-03 
1.383384E-03 
5.426687E-03 
5.496488E-03 
1.40352E-04 
2.78283E-04 
7.11064E-04 
1.10858E-04 
5.157564E-03 
4.970837E-03 
4.369491E-03 
4.46411E-04 
2.9431422E-02 
5.185207E-03 
1.60271E-04 
5.11073E-03 
5.286185E-03 
5.519311E-03 
5.523949E-03 
1.41431E-04 
8.9157E-05 
5.19813E-03 
5.479224E-03 
1.05094E-04 
3.65662E-04 
1.17065E-04 
6.5771E-04 
5.430092E-03 
1.117977E-03 
1.448564E-03 
9.9407E-05 
1.06441E-04 
1.44257E-04 
1.08302E-04 
5.124973E-03 
1.31563E-04 
4.991084E-03 
2.47988E-04 
5.148326E-03 
5.253047E-03 
1.28292E-04 
3.705E-04 
5.440493E-03 
2.93138E-04 
5.411962E-03 
7.5046E-05 
5.210889E-03 
1.23725E-04 
4.418426E-03 
3.93977E-04 
5.112366E-03 
5.370214E-03 
5.023393E-03 
5.199934E-03 
4.37523E-04 
1.31988E-04 
5.438684E-03 
1.48129E-04 
1.440341E-03 
3.32887E-04 
8.2829E-05 
8.7339E-05 
2.213089E-03 
3.38747E-04 
5.316849E-03 
8.2001E-05 
5.8873E-05 
2.57157E-04 
1.21744E-04 
9.7491E-05 
7.36154E-04 
5.120684E-03 
5.174285E-03 
4.38427E-04 
1.32573E-04 
1.0961944E-02 
3.56601E-04 
1.99071E-04 
1.0171E-04 
1.21193E-04 
5.239698E-03 
2.7279E-04 
5.312969E-03 
2.23174E-04 
1.098044E-03 
1.607687E-03 
5.00909E-03 
2.48886E-04 
2.97394E-04 
5.275237E-03 
5.119039E-03 
5.129778E-03 
6.103374E-03 
1.78628E-04 
3.93237E-04 
1.96692E-04 
4.43919E-04 
