3.9920834E-02 
3.6436934E-02 
8.4219345E-02 
4.3170748E-02 
4.980979E-02 
2.0844501E-02 
7.8673764E-02 
4.9479092E-02 
2.3056604E-02 
6.1402081E-02 
2.26028811E-01 
1.74033213E-01 
6.109451E-03 
9.837926E-03 
3.1955538E-02 
1.78140652E-01 
1.10749193E-01 
3.6478863E-02 
6.3230656E-02 
8.494199E-02 
4.3074912E-02 
7.295373E-03 
1.49857751E-01 
1.7116874E-02 
2.65729328E-01 
4.002214E-03 
1.4222985E-02 
4.9684E-02 
5.5305088E-02 
2.33853499E-01 
2.8311288E-02 
1.00958288E-01 
1.27458847E-01 
1.27995567E-01 
3.789536E-02 
2.26666912E-01 
2.0747878E-02 
6.8382962E-02 
1.524463E-02 
4.8405662E-02 
1.47665085E-01 
1.4433724E-02 
7.9926054E-02 
4.9723601E-02 
8.3929182E-02 
6.3493268E-02 
3.9503649E-02 
1.1528887E-02 
1.487088E-03 
1.668633E-03 
5.1368379E-02 
5.798324E-03 
4.8087978E-02 
2.96868452E-01 
2.21780173E-01 
1.23688178E-01 
1.5370067E-01 
4.87383598E-01 
1.62855243E-01 
1.61848052E-01 
6.3279552E-02 
2.13669247E-01 
7.8702529E-02 
1.2038724E-02 
1.92275706E-01 
3.22898921E-01 
8.19617114E-01 
1.88098959E-01 
3.848624E-02 
5.12417892E-01 
1.0946726E-02 
1.6098325E-02 
1.41068585E-01 
2.8515039E-02 
1.05285718E-01 
1.02608483E-01 
1.43946812E-01 
8.8350756E-02 
9.2806505E-02 
1.57703634E-01 
1.6035424E-02 
1.76173403E-01 
1.236386E-03 
1.28311263E-01 
2.13308393E-01 
1.50759221E-01 
3.927547E-03 
1.5759905E-02 
8.3987517E-02 
2.23561757E-01 
5.9296524E-02 
5.2192206E-02 
7.7975256E-02 
4.9774689E-02 
2.14471516E-01 
1.42178554E-01 
9.1927416E-02 
9.6865275E-02 
3.0860389E-02 
2.37731954E-01 
1.6793223E-02 
1.2591765E-02 
2.25742803E-01 
6.0333285E-02 
1.66046241E-01 
4.4559609E-02 
1.69981389E-01 
3.709351E-03 
1.496995E-02 
3.792852E-03 
1.51946858E-01 
5.7182843E-02 
2.2005922E-02 
9.7600856E-02 
2.03763348E-01 
1.02181791E-01 
7.1849496E-02 
2.2042793E-02 
3.6467649E-02 
1.03692586E-01 
1.1571242E-02 
1.35539698E-01 
9.0308565E-02 
6.3332556E-02 
6.426646E-03 
5.5172183E-02 
8.2059062E-02 
2.91098981E-01 
1.30839219E-01 
4.212598E-02 
2.6955484E-02 
2.51599799E-01 
1.95248395E-01 
3.41747693E-01 
2.559496E-03 
1.5473038E-02 
1.61186722E-01 
7.8779994E-02 
7.7205884E-02 
2.8142208E-02 
1.21916566E-01 
8.550522E-02 
2.71059785E-01 
1.23019537E-01 
7.660807E-03 
1.27415085E-01 
4.4842059E-02 
1.56035837E-01 
5.2288802E-02 
2.15594125E-01 
2.05721342E-01 
1.5659352E-01 
1.51918129E-01 
2.6080325E-01 
2.03508538E-01 
1.63097005E-01 
1.27026078E-01 
1.406208E-02 
1.16645755E-01 
5.37478126E-01 
8.317758E-03 
1.2531722E-02 
4.7442552E-02 
6.2832912E-02 
3.393817E-03 
3.5317374E-02 
1.67811891E-01 
2.426034E-03 
2.3457253E-02 
3.3189122E-02 
1.5577111E-02 
1.23620354E-01 
9.128351E-03 
1.03452223E-01 
1.41121713E-01 
1.5315817E-02 
1.47598498E-01 
1.65966932E-01 
5.6584358E-02 
5.7483708E-02 
1.61223686E-01 
2.28800131E-01 
2.92979649E-01 
4.4042198E-02 
3.6652553E-02 
4.3689901E-02 
2.36162367E-01 
4.7166841E-02 
7.5295E-03 
6.5569246E-02 
4.4401484E-02 
1.33520153E-01 
5.070855E-02 
1.5837428E-02 
5.5317316E-02 
1.92744763E-01 
7.2271495E-02 
7.6432759E-02 
1.01862566E-01 
3.65676066E-01 
1.40803865E-01 
3.4150761E-02 
2.24769167E-01 
1.40972939E-01 
4.89005E-04 
5.582571E-03 
1.00621021E-01 
5.914245E-03 
1.06000075E-01 
2.16573994E-01 
9.8850454E-02 
2.16032203E-01 
2.98200433E-01 
2.75373078E-01 
1.24338517E-01 
1.06859842E-01 
2.487449E-03 
3.4263441E-02 
3.65947669E-01 
4.7729024E-02 
4.776548E-03 
9.3152611E-02 
9.755146E-02 
1.4890002E-02 
1.11538255E-01 
1.135854E-03 
3.1162928E-02 
1.29377926E-01 
8.3755842E-02 
6.3382526E-02 
1.24005411E-01 
7.01815531E-01 
2.78504205E-01 
1.8646306E-01 
3.57314177E-01 
1.24691082E-01 
2.9896091E-02 
1.4283888E-02 
1.92597266E-01 
2.81778053E-01 
5.894796E-03 
3.2393619E-02 
2.63365E-02 
3.36027834E-01 
4.1286113E-02 
3.72897295E-01 
3.7200343E-02 
1.00392363E-01 
8.3750453E-02 
2.49587725E-01 
4.0890793E-02 
6.669247E-03 
5.595464E-03 
7.5283837E-02 
2.89446895E-01 
2.0932066E-02 
1.41622783E-01 
1.3850887E-02 
2.98241855E-01 
2.4736531E-02 
4.389531E-03 
3.5728846E-02 
1.5934288E-02 
9.9764838E-02 
2.5634972E-02 
9.278403E-03 
5.170036E-03 
1.86941085E-01 
3.340799E-03 
4.0783449E-02 
4.583962E-02 
4.12391474E-01 
8.1952259E-02 
8.1969359E-02 
1.15922667E-01 
9.9313732E-02 
2.3071745E-02 
6.5737799E-02 
1.00124325E-01 
5.545749E-03 
1.19081102E-01 
2.3480448E-02 
8.371332E-02 
2.3255703E-02 
2.7559903E-02 
8.179534E-02 
2.5459144E-02 
1.8009249E-02 
2.30625208E-01 
1.88800892E-01 
9.3462563E-02 
3.49405513E-01 
1.42374442E-01 
5.9308512E-02 
2.187746E-02 
2.80542387E-01 
8.0279984E-02 
3.0952068E-01 
5.630797E-03 
1.6097788E-02 
2.912719E-03 
6.65078511E-01 
8.8443157E-02 
7.20726E-04 
3.5765628E-02 
9.6961162E-02 
1.11516925E-01 
5.3036068E-02 
8.9104864E-02 
4.037602E-03 
1.51417204E-01 
1.8788072E-02 
9.6052643E-02 
1.13554989E-01 
5.7017295E-02 
7.2661554E-02 
4.5653511E-02 
6.418616E-02 
6.0743412E-02 
2.5842603E-02 
5.9677973E-02 
5.8773304E-02 
4.7275332E-02 
3.4900471E-02 
1.32709221E-01 
2.5682793E-02 
2.42125961E-01 
1.49823003E-01 
1.46306202E-01 
1.045678E-03 
3.7935856E-02 
2.5314523E-02 
5.94865817E-01 
6.6513656E-02 
6.0866262E-02 
1.0606358E-02 
1.18005697E-01 
1.03307623E-01 
1.28310998E-01 
5.2445538E-02 
3.724944E-02 
4.4071052E-02 
2.39872277E-01 
4.24038504E-01 
3.9534535E-02 
8.5586442E-02 
1.3392466E-02 
9.4095194E-02 
1.0613438E-02 
1.00712081E-01 
2.83254988E-01 
1.14899056E-01 
2.02006965E-01 
1.3471814E-01 
1.1700691E-02 
3.586967E-03 
1.58963335E-01 
5.3833254E-02 
1.56855923E-01 
2.21192849E-01 
3.6921998E-02 
1.47884098E-01 
2.71191207E-01 
2.635835E-02 
1.94392627E-01 
1.90309983E-01 
1.39009592E-01 
6.7668184E-02 
6.7898118E-02 
1.16256116E-01 
3.6540228E-02 
1.45733401E-01 
2.68807833E-01 
9.1304881E-02 
6.4407699E-02 
1.58054657E-01 
7.7681524E-02 
1.9819352E-02 
1.1340955E-02 
5.936771E-03 
4.6276676E-02 
1.35141814E-01 
2.61277415E-01 
1.93083771E-01 
8.0642598E-02 
6.4931226E-02 
6.5095636E-02 
7.7624149E-02 
1.806137E-03 
1.56138945E-01 
1.4439369E-01 
6.0909221E-02 
1.2720237E-02 
7.8347462E-02 
2.55668249E-01 
2.1973917E-01 
8.0742804E-02 
4.1555514E-02 
8.2965734E-02 
2.5065637E-02 
2.29385335E-01 
9.6509032E-02 
3.79283723E-01 
1.28508049E-01 
6.1741627E-02 
6.2247654E-02 
7.5544883E-02 
1.4934798E-02 
1.3792456E-01 
2.59652433E-01 
3.6099823E-02 
7.0456909E-02 
2.52310171E-01 
2.74630915E-01 
2.47654048E-01 
2.84263675E-01 
6.2150025E-02 
1.61578841E-01 
1.36511422E-01 
7.2249707E-02 
1.0152115E-01 
6.8190686E-02 
1.89791472E-01 
4.357172E-03 
2.6442922E-02 
5.5518641E-02 
2.40657695E-01 
5.724051E-03 
4.2835588E-02 
4.3921595E-02 
2.5515357E-02 
1.37582183E-01 
7.9850874E-02 
1.98236005E-01 
7.3960628E-02 
1.24680002E-01 
3.8313687E-02 
8.41851805E-01 
6.3805353E-02 
1.71953544E-01 
6.4224831E-02 
2.1916618E-02 
5.2996648E-02 
6.7688836E-02 
4.7924523E-02 
1.08028255E-01 
8.5301553E-02 
1.45192415E-01 
8.2018948E-02 
4.9359903E-02 
1.69065825E-01 
5.9074358E-02 
1.735509E-02 
4.2207549E-02 
1.61527169E-01 
1.79327482E-01 
7.3851114E-02 
4.98316376E-01 
5.3343E-03 
3.14344983E-01 
1.77480295E-01 
1.412513E-03 
3.86899476E-01 
9.2367743E-02 
5.3166365E-02 
3.4812342E-02 
1.7349271E-02 
1.21059712E-01 
1.6057018E-01 
2.7161634E-02 
4.0959741E-02 
7.6717877E-02 
1.8642584E-02 
2.54558142E-01 
5.351305E-03 
5.9737422E-02 
1.34211611E-01 
9.0963027E-02 
4.696968E-02 
1.02251359E-01 
1.77310164E-01 
4.221677E-02 
4.3402491E-02 
2.8196977E-02 
4.7904531E-02 
1.506971E-03 
1.76630177E-01 
7.667749E-02 
1.60775781E-01 
2.79536511E-01 
2.09408366E-01 
6.2430001E-02 
1.9009963E-02 
6.4501288E-02 
6.2712606E-02 
1.1708331E-02 
1.4152221E-01 
1.53472991E-01 
4.16147203E-01 
9.0365676E-02 
4.3303813E-02 
1.61209464E-01 
4.45455199E-01 
1.4880431E-02 
8.184418E-02 
7.815835E-03 
2.5721698E-02 
8.3069301E-02 
7.7199956E-02 
1.45876323E-01 
2.1844226E-02 
1.48614311E-01 
9.547376E-03 
6.870404E-03 
6.688203E-03 
2.40441501E-01 
3.5920164E-02 
1.81141192E-01 
1.7444993E-01 
1.39994984E-01 
1.65379497E-01 
1.2087189E-02 
6.404635E-03 
3.13255E-03 
1.11176514E-01 
1.31810558E-01 
6.7847152E-02 
1.72580001E-01 
5.262044E-03 
5.583813E-03 
8.257725E-02 
2.1305371E-02 
2.149813E-03 
6.296096E-03 
1.29230184E-01 
1.0047532E-02 
3.4640788E-02 
7.8327089E-02 
8.9747768E-02 
4.207549E-03 
4.5728412E-02 
3.4254159E-02 
9.3532618E-02 
1.19128331E-01 
3.55453126E-01 
1.19367779E-01 
3.4273748E-02 
2.43297309E-01 
5.564728E-03 
1.49198973E-01 
2.165935E-02 
3.7028576E-02 
6.8857576E-02 
7.767971E-03 
1.014757E-03 
5.5339826E-02 
4.1138059E-02 
3.52207024E-01 
5.7734157E-02 
2.0204743E-02 
3.10339784E-01 
1.60048468E-01 
7.3360663E-02 
1.99665381E-01 
1.20127395E-01 
8.6708851E-02 
1.07072803E-01 
8.2615484E-02 
1.28781772E-01 
3.5647523E-02 
1.10299777E-01 
3.9375905E-02 
3.0383832E-02 
6.5911897E-02 
2.343634E-03 
2.61465095E-01 
7.0829186E-02 
6.103128E-02 
3.08014021E-01 
2.49910138E-01 
3.1754771E-02 
2.3305641E-02 
6.7594001E-02 
2.6087344E-02 
1.12224683E-01 
1.17237485E-01 
6.2533329E-02 
9.9177708E-02 
1.66638104E-01 
4.1524385E-02 
9.1018001E-02 
4.3891417E-02 
1.46887943E-01 
4.6182517E-02 
8.3356016E-02 
3.4910192E-02 
2.6177002E-02 
1.63803099E-01 
1.00157173E-01 
1.0146955E-02 
2.44811329E-01 
8.9852941E-02 
9.7163394E-02 
5.582142E-03 
1.72315615E-01 
7.0836891E-02 
1.71383694E-01 
3.6776052E-02 
5.4714636E-02 
6.4171252E-02 
1.0468237E-01 
8.7078005E-02 
1.10744334E-01 
4.19965444E-01 
1.4138653E-02 
9.1188822E-02 
1.8040019E-02 
2.7495527E-02 
1.03283E-04 
2.6562024E-02 
1.4642562E-02 
1.12715545E-01 
1.7478849E-02 
1.15153237E-01 
3.9279623E-02 
1.39211621E-01 
1.7286091E-02 
3.1917826E-02 
1.31609172E-01 
1.93531173E-01 
9.7469377E-02 
4.1173626E-02 
1.34120225E-01 
3.4304853E-02 
3.6110305E-02 
2.6642596E-02 
1.09260825E-01 
1.5557112E-01 
1.8727547E-02 
1.44798055E-01 
3.04241195E-01 
1.77210691E-01 
1.6269239E-01 
1.15160067E-01 
4.5480947E-02 
8.3987972E-02 
4.7072146E-02 
1.28904457E-01 
8.3811589E-02 
2.8624053E-02 
8.5992692E-02 
9.3099918E-02 
4.2721986E-02 
7.8457588E-02 
9.2951413E-02 
1.6630414E-02 
1.8802244E-02 
5.0538535E-02 
3.93481146E-01 
5.69638E-02 
7.911929E-03 
6.1693514E-02 
2.87724007E-01 
4.9806199E-02 
1.28065656E-01 
1.1900492E-02 
1.41024143E-01 
2.281311E-03 
1.25953169E-01 
8.0862639E-02 
5.9384775E-02 
9.7512123E-02 
6.6609398E-02 
7.2122505E-02 
2.5693012E-02 
2.2698406E-02 
6.7885406E-02 
5.398511E-03 
5.070877E-03 
3.8875274E-02 
1.06937739E-01 
6.3012851E-02 
1.1283378E-01 
1.0494288E-02 
5.3129576E-02 
8.9220351E-02 
4.0087E-03 
3.20944647E-01 
1.46756263E-01 
3.1287653E-02 
5.7454105E-02 
5.6673113E-02 
5.305242E-03 
1.95286834E-01 
6.6054354E-02 
1.7182768E-02 
9.2826006E-02 
4.310147E-03 
1.90635149E-01 
9.7137889E-02 
4.7515689E-02 
3.8965435E-02 
4.77331874E-01 
2.37773381E-01 
6.26776E-02 
2.1841551E-02 
1.81030298E-01 
7.8808612E-02 
6.0131175E-02 
2.8753166E-02 
1.350578E-03 
2.3374043E-02 
3.2081475E-02 
7.0762554E-02 
8.7001617E-02 
5.6744621E-02 
2.5655733E-02 
5.4029634E-02 
1.79340743E-01 
3.9544806E-02 
9.6623629E-02 
6.4654207E-02 
1.89242554E-01 
2.0955739E-01 
1.4140454E-01 
5.0632099E-02 
2.19810616E-01 
4.854416E-03 
1.56885847E-01 
1.58919531E-01 
1.6527895E-02 
1.6535415E-02 
1.4999978E-02 
2.5446382E-02 
2.3141868E-02 
3.3916147E-02 
5.0013786E-02 
4.0705407E-02 
3.304405E-02 
1.501139E-01 
4.1627504E-02 
1.63806795E-01 
5.2565004E-02 
9.7917655E-02 
4.089028E-03 
2.1712492E-02 
1.5817617E-02 
8.059556E-03 
1.685684E-03 
1.0904771E-02 
7.3447989E-02 
1.5710824E-02 
8.4066282E-02 
4.9706366E-02 
1.8734356E-02 
3.620357E-03 
2.98083E-04 
4.3359738E-02 
1.44940007E-01 
2.41303E-03 
4.276408E-03 
6.467649E-03 
3.37046819E-01 
1.4437313E-02 
3.5335096E-02 
2.3088244E-02 
2.276972E-02 
2.89209E-04 
1.8471264E-02 
2.70881644E-01 
5.9034374E-02 
1.12392718E-01 
8.1288018E-02 
1.36221328E-01 
3.4523186E-02 
1.53567889E-01 
2.14109843E-01 
5.6029116E-02 
1.00345344E-01 
1.86623077E-01 
2.84931929E-01 
1.7038252E-02 
3.26073309E-01 
5.3472172E-02 
4.19141685E-01 
1.6924315E-02 
1.41528441E-01 
2.2011962E-02 
6.47067E-04 
6.299688E-03 
1.32210006E-01 
3.0576635E-02 
1.9308549E-02 
1.53779175E-01 
3.0551732E-02 
3.47415395E-01 
1.40626703E-01 
6.0203163E-02 
4.707087E-02 
5.1650165E-02 
5.9052403E-02 
5.8817497E-02 
2.4357412E-02 
1.41708426E-01 
6.8287444E-01 
7.767922E-02 
3.2885786E-02 
7.571172E-02 
1.61090212E-01 
4.284207E-03 
4.094767E-03 
1.5046541E-01 
6.1528132E-02 
7.890862E-02 
6.8389371E-02 
1.59651763E-01 
9.5500648E-02 
3.82249886E-01 
9.8483886E-02 
3.5654202E-02 
1.48516065E-01 
2.25718008E-01 
1.73276192E-01 
6.9883207E-02 
2.9768247E-02 
1.5003155E-02 
1.01733399E-01 
2.34441347E-01 
1.05269694E-01 
2.64471777E-01 
2.05577453E-01 
1.2322942E-01 
2.29242877E-01 
7.92459E-03 
4.10496021E-01 
9.7908326E-02 
2.9478041E-02 
3.3849693E-02 
4.7098887E-02 
1.12967378E-01 
2.23484416E-01 
1.32002686E-01 
1.27595676E-01 
7.632598E-03 
1.43635482E-01 
3.0235301E-02 
1.71489694E-01 
1.07308545E-01 
3.26507541E-01 
5.45835333E-01 
8.4577538E-02 
6.681043E-03 
4.024056E-02 
1.0485908E-02 
8.4976086E-02 
2.63198379E-01 
1.1302029E-02 
6.0883964E-02 
2.74386447E-01 
7.386202E-03 
2.8217783E-02 
1.9449473E-02 
1.78904251E-01 
2.4782685E-02 
1.62245315E-01 
6.8882747E-02 
1.65473626E-01 
2.12243896E-01 
3.84043704E-01 
2.68465055E-01 
4.03259636E-01 
1.3043645E-01 
3.6506701E-02 
5.209887E-03 
2.35683362E-01 
3.2392805E-01 
1.7204168E-02 
1.5149165E-02 
9.0542609E-02 
2.4666097E-02 
4.1143224E-02 
2.9505318E-02 
1.50395049E-01 
2.93658704E-01 
2.6451521E-02 
2.73136694E-01 
2.9708104E-02 
3.0155378E-02 
1.796707E-03 
2.9764621E-02 
2.9136878E-02 
1.47332129E-01 
1.54226024E-01 
2.85654767E-01 
3.88877632E-01 
1.59676382E-01 
1.82462211E-01 
1.8742859E-02 
1.97230582E-01 
2.35240312E-01 
5.6854844E-02 
2.47659258E-01 
7.246658E-02 
3.8255925E-02 
8.9465749E-02 
7.36307E-03 
4.2966888E-02 
7.11523E-03 
1.28496665E-01 
1.03442997E-01 
7.916671E-03 
2.98443623E-01 
3.3953211E-02 
2.6856337E-02 
4.8995554E-02 
6.2288601E-02 
3.13945269E-01 
2.2918003E-02 
1.97056448E-01 
1.26029156E-01 
8.9572317E-02 
1.40263889E-01 
1.80967463E-01 
3.10764315E-01 
7.6210838E-02 
2.438644E-02 
3.76353215E-01 
1.8510677E-01 
6.7804285E-02 
5.0749542E-02 
5.984653E-03 
3.5199383E-01 
3.281072E-03 
8.2842419E-02 
3.44624804E-01 
1.3853666E-02 
8.6838547E-02 
1.31820677E-01 
1.76424674E-01 
3.797732E-03 
7.4641581E-02 
6.3470137E-02 
8.336046E-02 
5.7132091E-02 
2.16468267E-01 
7.379238E-03 
1.8495184E-02 
3.0451973E-02 
6.8852561E-02 
1.5250872E-02 
1.300515E-03 
7.1302145E-02 
4.664744E-03 
1.49630598E-01 
6.273241E-03 
2.61954044E-01 
1.8437577E-02 
4.515188E-02 
7.24834258E-01 
9.3931889E-02 
2.12449158E-01 
5.544987E-03 
4.62869406E-01 
1.37264892E-01 
2.4821412E-02 
5.372539E-03 
1.31699418E-01 
6.123173E-02 
2.1281305E-02 
1.23554881E-01 
1.2330331E-02 
7.6695844E-02 
1.17905804E-01 
1.39205381E-01 
4.0118723E-02 
5.8239051E-02 
7.1686E-02 
4.6921474E-02 
1.7375775E-02 
4.1557605E-02 
7.17858E-04 
2.5281649E-02 
1.96452647E-01 
9.6758847E-02 
3.35959582E-01 
9.1407069E-02 
1.25315046E-01 
1.70692942E-01 
2.332287E-03 
1.5877421E-02 
6.2077123E-02 
1.6292535E-02 
4.075854E-01 
3.0098818E-02 
1.249666E-03 
4.145061E-03 
7.0679833E-02 
1.1692365E-02 
8.4401028E-02 
6.014362E-02 
1.3896025E-02 
2.52857234E-01 
1.15926823E-01 
7.4909682E-02 
5.1181124E-02 
3.38823514E-01 
4.1223244E-02 
8.9376645E-02 
5.014053E-03 
3.1987049E-02 
7.8183002E-02 
2.24315265E-01 
3.2704066E-02 
5.9098179E-02 
7.5307383E-02 
9.3844818E-02 
2.31720579E-01 
9.4171747E-02 
1.20586752E-01 
1.89256452E-01 
4.7017241E-02 
4.2011571E-02 
1.01650794E-01 
4.0311562E-02 
4.6301572E-02 
4.5773786E-02 
7.9030331E-02 
7.1183599E-02 
1.1982354E-02 
2.15407751E-01 
5.7144316E-02 
1.04080749E-01 
3.24434493E-01 
3.0814912E-02 
6.4109576E-02 
1.77095844E-01 
6.0989093E-02 
7.05104E-02 
6.7560239E-02 
2.7572202E-02 
1.16943362E-01 
3.0376451E-02 
1.33750796E-01 
1.52709102E-01 
3.74177E-02 
2.8742136E-02 
1.01905872E-01 
5.714741E-03 
1.12802749E-01 
1.33553809E-01 
3.3899139E-02 
1.76031709E-01 
1.5872275E-01 
3.5329917E-02 
4.9130871E-02 
5.653567E-03 
5.17352711E-01 
9.9528298E-02 
3.2009877E-01 
2.24319908E-01 
1.31662765E-01 
1.70890686E-01 
1.46747206E-01 
2.27328325E-01 
3.6054256E-02 
1.18137785E-01 
1.11658834E-01 
2.874636E-03 
2.24766451E-01 
9.531999E-03 
1.24131452E-01 
1.3745167E-02 
1.06415257E-01 
2.9874263E-02 
3.6101121E-02 
2.26382076E-01 
5.5595712E-02 
3.7735281E-02 
1.1844436E-02 
1.14171617E-01 
2.00374032E-01 
1.56474292E-01 
1.120928E-03 
1.46073121E-01 
5.6077158E-02 
8.0800465E-02 
5.7413085E-02 
1.79458976E-01 
6.9802426E-02 
4.944619E-03 
1.21770123E-01 
2.2292323E-02 
8.2890227E-02 
1.2941312E-02 
1.17438933E-01 
5.0041646E-02 
7.938898E-02 
3.11800884E-01 
2.79525919E-01 
2.84000502E-01 
5.9524315E-02 
3.4833931E-02 
2.0772629E-02 
5.4477447E-02 
4.94135764E-01 
3.86894E-03 
4.5057293E-02 
8.500866E-03 
2.1449222E-02 
2.1675824E-02 
2.914727E-03 
5.511927E-03 
4.1557809E-02 
1.95897235E-01 
4.4948935E-02 
1.390185E-03 
2.3981705E-02 
9.1068084E-02 
1.03269331E-01 
2.5322368E-01 
1.218491E-01 
8.9473195E-02 
4.7867328E-02 
1.84916405E-01 
1.06196838E-01 
1.8478348E-02 
4.9917384E-02 
1.422805E-02 
1.22238712E-01 
4.419196E-03 
1.22186524E-01 
1.8448409E-02 
7.8621062E-02 
1.81804396E-01 
5.0096642E-02 
6.843278E-03 
3.1873966E-02 
3.3504753E-02 
5.654054E-03 
1.02110138E-01 
5.0559275E-02 
2.41427124E-01 
4.0252519E-02 
1.9774203E-02 
1.66985778E-01 
8.4314008E-02 
9.8731947E-02 
5.150084E-03 
3.8730038E-02 
1.2532615E-01 
2.15904847E-01 
5.464551E-02 
4.7056794E-02 
4.1211361E-02 
5.9909519E-02 
1.215595E-03 
1.6331708E-01 
1.35162477E-01 
3.2301581E-02 
1.8116482E-02 
3.59397056E-01 
3.0903155E-02 
1.54924166E-01 
1.35402106E-01 
1.3772675E-02 
1.249005E-03 
4.26991105E-01 
1.28076316E-01 
4.22588E-04 
2.9754478E-02 
1.24237989E-01 
2.1504368E-02 
6.728078E-03 
5.3287846E-02 
4.2635399E-02 
1.0725048E-02 
4.8562279E-02 
1.23933801E-01 
8.0719619E-02 
2.1491847E-02 
2.7559752E-02 
7.7526356E-02 
2.8973913E-02 
2.257899E-02 
5.04847711E-01 
5.42205541E-01 
5.25286503E-01 
5.8095945E-02 
5.14607629E-01 
6.034113E-02 
9.9196501E-02 
1.73550125E-01 
7.7918062E-02 
1.57531E-02 
3.057193E-03 
7.6600087E-02 
5.1954404E-02 
2.157531E-02 
1.8647765E-02 
5.6735027E-02 
8.2285777E-02 
8.1779887E-02 
1.3545264E-01 
1.02940006E-01 
4.519363E-02 
2.13845811E-01 
1.43319064E-01 
3.374906E-03 
5.6968083E-02 
1.10977473E-01 
7.264451E-03 
1.8403248E-02 
3.35797319E-01 
7.4156205E-02 
5.8878572E-02 
9.1092911E-02 
4.1753505E-02 
2.79121713E-01 
6.7850536E-02 
2.5982519E-02 
1.00399937E-01 
7.1571813E-02 
8.4692429E-02 
2.64327791E-01 
5.514079E-03 
5.329583E-03 
1.7714337E-02 
1.80591608E-01 
3.36492444E-01 
2.84507094E-01 
2.3540974E-02 
1.51485997E-01 
2.85815231E-01 
1.63365672E-01 
3.9952416E-02 
2.7603981E-02 
1.0165034E-02 
1.27018069E-01 
1.05690212E-01 
1.22431953E-01 
5.453648E-03 
2.2767968E-02 
1.05046692E-01 
1.35543778E-01 
9.909019E-02 
1.29451085E-01 
7.3866155E-02 
2.949681E-02 
1.41038868E-01 
2.13193931E-01 
1.09462349E-01 
3.71803E-02 
2.2152518E-02 
7.4523564E-02 
4.1116214E-02 
6.894573E-03 
1.72980545E-01 
5.2464889E-02 
2.5089324E-02 
4.9491137E-02 
1.67282692E-01 
1.37144659E-01 
2.667168E-03 
2.0393352E-02 
1.04518739E-01 
2.20952111E-01 
2.5562097E-02 
1.5870628E-02 
1.6057358E-02 
2.5749583E-02 
5.9059103E-02 
8.9555361E-02 
8.9343701E-02 
1.45357134E-01 
4.5494378E-02 
7.1260258E-02 
2.1867849E-02 
6.5244705E-02 
9.0662084E-02 
7.376202E-03 
3.94576702E-01 
5.5396196E-02 
3.20340586E-01 
1.28896546E-01 
1.12602668E-01 
3.9697645E-02 
4.9348714E-02 
4.8656743E-02 
6.9215093E-02 
4.6711413E-02 
1.12169696E-01 
3.3926649E-02 
1.23712978E-01 
6.6808394E-02 
5.9858031E-02 
1.24437509E-01 
2.32616181E-01 
5.8308839E-02 
5.471068E-03 
4.3084191E-02 
3.5146766E-02 
6.5585565E-02 
1.6475909E-01 
1.79199698E-01 
2.8959053E-02 
2.9731692E-02 
4.2334283E-02 
5.2397726E-02 
1.74204787E-01 
5.9024736E-02 
1.44573312E-01 
6.6467878E-02 
6.9392149E-02 
4.9113577E-02 
5.1400584E-02 
3.24994766E-01 
1.23334577E-01 
1.83607474E-01 
3.0000151E-02 
5.062986E-03 
4.943305E-03 
1.5794802E-01 
3.5655648E-02 
6.8900629E-02 
1.10045767E-01 
2.8982104E-02 
2.4833567E-02 
1.2940309E-01 
3.5596525E-02 
1.62363219E-01 
2.31242993E-01 
6.8762293E-02 
4.4864304E-02 
1.69595197E-01 
1.9922777E-02 
5.57725E-04 
1.01615332E-01 
4.0385548E-02 
1.285015E-02 
5.256569E-03 
3.46614243E-01 
2.1074363E-02 
7.1381694E-02 
5.993377E-02 
1.3341758E-02 
1.23753529E-01 
2.29735737E-01 
7.966374E-02 
1.9567134E-02 
5.382034E-03 
1.49194853E-01 
2.16500671E-01 
8.4445573E-02 
7.5361165E-02 
5.425324E-03 
7.075924E-02 
7.223936E-02 
1.6194435E-02 
5.083192E-03 
2.09377373E-01 
2.42075313E-01 
1.35990758E-01 
8.80775E-04 
8.7911978E-02 
8.170489E-03 
5.2037556E-02 
1.32613516E-01 
2.5688631E-02 
8.9707608E-02 
6.441173E-03 
3.4298976E-02 
2.57011707E-01 
2.1167569E-02 
5.3361031E-02 
3.0839737E-02 
7.7137831E-02 
3.9535201E-02 
9.323345E-03 
7.1911833E-02 
1.06236126E-01 
2.1062416E-02 
8.42879E-04 
2.05201281E-01 
5.7663088E-02 
2.9391448E-02 
7.9960705E-02 
9.133792E-03 
3.9818812E-02 
4.5335518E-02 
1.91926466E-01 
1.03722163E-01 
3.8005788E-02 
9.05933E-02 
1.38678576E-01 
3.0641589E-02 
2.818149E-03 
1.2507783E-02 
1.32651819E-01 
2.7642455E-02 
1.80039203E-01 
1.82733233E-01 
2.9760502E-02 
2.18075279E-01 
5.5977322E-02 
4.9293865E-02 
2.0962144E-02 
1.3238519E-02 
3.73926266E-01 
9.0348116E-02 
7.7570619E-02 
2.024287E-02 
1.65230985E-01 
1.72512405E-01 
3.8793847E-02 
9.927762E-03 
3.51046868E-01 
1.13649698E-01 
8.7442542E-02 
5.8816371E-02 
1.03307612E-01 
8.8156998E-02 
9.265449E-03 
9.008505E-03 
1.36889737E-01 
1.31709704E-01 
2.1566765E-02 
1.71343736E-01 
1.62828361E-01 
6.8645096E-02 
1.06717394E-01 
7.9274344E-02 
9.9728145E-02 
1.5536424E-02 
6.3285682E-02 
5.3081998E-02 
1.2935736E-02 
3.6079979E-02 
2.64241E-02 
3.64888015E-01 
7.86169E-04 
4.6222016E-02 
8.9233248E-02 
1.09205554E-01 
1.02722068E-01 
1.3283576E-02 
1.5660836E-02 
1.72208197E-01 
1.4929584E-02 
1.78033937E-01 
2.65800676E-01 
5.30291E-03 
9.9166354E-02 
4.8177E-03 
1.82956692E-01 
8.0830985E-02 
4.789553E-03 
1.26916899E-01 
1.52109669E-01 
1.11492161E-01 
4.696594E-03 
2.0764039E-01 
2.0273654E-02 
2.8682728E-02 
2.7346742E-02 
8.4139411E-02 
2.0788194E-02 
4.7284837E-02 
3.7346787E-02 
3.1496373E-02 
9.242674E-03 
1.55226848E-01 
1.81583467E-01 
3.6969035E-02 
1.23898472E-01 
1.57033507E-01 
8.8992675E-02 
6.0918188E-02 
1.0960492E-02 
2.18215629E-01 
4.6681587E-02 
4.2393043E-02 
4.2978358E-02 
2.0549704E-02 
3.304201E-03 
2.7873325E-02 
7.7382952E-02 
3.969828E-03 
9.580599E-03 
1.28555668E-01 
8.2862284E-02 
2.3021094E-02 
4.1026611E-02 
2.48603948E-01 
5.9812642E-02 
2.51576002E-01 
1.14530551E-01 
6.5949539E-02 
6.6037106E-02 
4.36812E-04 
1.087092E-01 
1.20846352E-01 
6.6895257E-02 
1.52764353E-01 
3.36362131E-01 
8.0874656E-02 
3.8735205E-02 
7.8745595E-02 
4.340037E-03 
7.4902167E-02 
1.16199275E-01 
1.70616E-04 
7.0814944E-02 
9.2135734E-02 
1.1384098E-01 
9.6591889E-02 
6.3136668E-02 
2.09344312E-01 
1.59278237E-01 
1.74385911E-01 
5.372604E-03 
2.4792805E-02 
2.30554E-04 
1.53520485E-01 
2.58974456E-01 
8.7110638E-02 
8.3277244E-02 
9.4730234E-02 
5.2392225E-02 
2.2844626E-02 
4.3002647E-02 
2.3649563E-02 
1.724626E-02 
2.5139576E-02 
1.81793636E-01 
2.09047619E-01 
2.37630811E-01 
6.2836537E-02 
2.43957022E-01 
3.3138352E-02 
6.5383542E-02 
1.82864384E-01 
1.39375993E-01 
4.0357108E-02 
1.05312853E-01 
2.28720889E-01 
1.87009633E-01 
4.9721888E-02 
2.20283E-02 
1.63788267E-01 
4.10831E-03 
2.0428585E-01 
1.34337574E-01 
1.0324306E-02 
2.92212757E-01 
1.78955394E-01 
3.77329601E-01 
1.25679534E-01 
9.3163535E-02 
8.478992E-02 
7.2552525E-02 
2.707266E-02 
7.8911316E-02 
1.194387E-03 
