6.472524003E+00 
6.750106043E+00 
8.605895744E+00 
2.8972113889999997E+00 
2.745451038E+00 
5.46842808E+00 
6.617453941E+00 
1.64369277E-01 
1.24397723E-01 
5.8514407760000005E+00 
6.756424805E+00 
1.2006220816E+01 
1.2804617571E+01 
1.29856484E+01 
1.3248239701E+01 
1.1805824317E+01 
2.5881793478E+01 
2.8823310872E+01 
7.83109738E+00 
7.767601395E+00 
7.910322376E+00 
6.230086747E+00 
8.213878352E+00 
6.190819473E+00 
8.211845204E+00 
2.38224646E-01 
5.072322332E+00 
2.93828726E+00 
7.405337564E+00 
1.3250282740000001E+00 
6.15611334E+00 
5.162242728E+00 
4.98593039E+00 
5.264950991E+00 
1.217390947E+00 
1.3993020215E+01 
2.8319160579E+01 
2.919658014E+00 
1.1278549598E+01 
4.033499371E+00 
8.370230112E+00 
2.0163941463E+01 
9.057357699E+00 
8.832444894E+00 
6.121341804E+00 
1.1978628950000001E+01 
2.262493777E+00 
1.561731924E+01 
2.4557881293E+01 
3.509495052E+00 
3.2485148102E+01 
8.488672968E+00 
7.548326022E+00 
5.281198134E+00 
2.2959009245E+01 
9.670976814E+00 
5.423920099E+01 
3.2771012061E+01 
1.6997423055E+01 
1.3832704307E+01 
1.7165971712E+01 
2.8449344043E+01 
9.828389598E+00 
8.605978685E+00 
2.8074787655E+01 
1.8923462457E+01 
8.218209188E+00 
2.6114475313E+01 
1.04287685E+01 
1.0965417852E+01 
2.5444195448E+01 
1.4681363609E+01 
7.491147724E+00 
3.1245618806E+01 
3.03572134E+00 
3.6565224164E+01 
1.0227211078E+01 
9.1628904544E+01 
4.683236991E+01 
1.4139466812E+01 
3.8471289135E+01 
5.983636124E+01 
2.691100597E+00 
2.5189501854E+01 
4.009156779E+01 
2.059595466E+01 
2.9080553914E+01 
1.473877557E+01 
6.094990749E+00 
1.1962660478E+01 
2.2351888987E+01 
7.672469122E+00 
4.5607756636E+01 
2.9044262179E+01 
2.288092282E+01 
2.4417961425E+01 
1.522750351E+01 
5.0201110046E+01 
2.9146571384E+01 
4.789543639E+00 
3.037831729E+00 
9.54745066E-01 
1.6595015E+00 
2.726812412E+01 
4.1101308595E+01 
7.030639503E+00 
5.529753955E+00 
1.592883539E+01 
1.1742164558E+01 
1.5494380342E+01 
1.2244639604E+01 
4.6141241952E+01 
5.1021364E+00 
3.286310299E+00 
1.3840978428E+01 
6.460995908E+00 
1.1077798144E+01 
3.55706805E+00 
2.6261804726E+01 
1.2886643681E+01 
3.096305946E+00 
7.6345549444E+01 
3.1473856315E+01 
2.6751375043E+01 
2.9283109414E+01 
1.14418089935E+02 
4.099967919E+00 
8.0169642823E+01 
3.530902863E+00 
1.880841073E+00 
1.1660084981E+01 
3.43321857E-01 
5.2885648708E+01 
5.695116602E+00 
1.316419098E+00 
5.0897643564E+01 
4.86214825E-01 
7.22336842E-01 
2.8452825219999998E+00 
4.8150832275E+01 
1.5432990284E+01 
3.639636961E+00 
8.7005772715E+01 
4.8403720442E+01 
2.2002217796E+01 
5.0172663075E+01 
1.2451627944E+01 
5.3557066741E+01 
4.7857451926E+01 
1.0522347758E+01 
1.879876224E+00 
1.5304298046E+01 
6.451774621E+00 
2.9222444744E+01 
1.598420373E+01 
4.3404010141E+01 
1.092090479E+00 
6.820790983E+00 
3.5409184658E+01 
2.6552846847E+01 
1.5119919291E+01 
9.277339262E+00 
1.6830962065E+01 
7.5544790509999995E+00 
2.38556806E-01 
2.88476722E-01 
5.7464141E-01 
1.195534281E+00 
4.630837518E+00 
6.990056009E+00 
4.034448379E+00 
1.239119057E+01 
1.41238733E+00 
1.100393105E+00 
2.296034389E+00 
9.061807959E+00 
5.368904862E+00 
3.967066377E+00 
1.4092769523E+01 
2.2452693359E+01 
1.3819876953E+01 
1.566501463E+00 
3.406252716E+00 
1.359712395E+01 
3.06775448E+00 
4.624083934E+00 
3.578911485E+00 
3.795093371E+00 
3.1949206375E+01 
2.4045552755E+01 
3.58705624E+00 
3.7155277574E+01 
4.468091487E+00 
6.427490113E+00 
2.392380884E+00 
3.465035617E+00 
8.03908196E-01 
8.393366948E+00 
1.5322694726E+01 
1.144722551E+00 
3.14149516E-01 
4.00626944E-01 
3.487401267E+00 
7.328583281E+00 
6.565920001E+00 
3.877914795E+00 
7.3242505940000004E+00 
4.4250239239999996E+00 
7.233952306E+00 
7.925683848E+00 
9.042271041E+00 
9.572981319E+00 
3.43356666E+00 
3.439519099E+00 
1.0192254374000001E+01 
1.174599119E+01 
1.2564089679E+01 
1.3197174215E+01 
1.3856078355E+01 
5.83533398E+00 
1.525834139E+00 
1.8342024719999999E+00 
1.65625219E+00 
4.432929494E+00 
1.34586448E-01 
1.6308635009E+01 
1.1211348918E+01 
1.0462357546E+01 
2.5750089475E+01 
4.309880923E+00 
6.30710567E-01 
1.0378242298E+01 
5.050402651E+00 
1.0775788417E+01 
5.6362689249999995E+00 
2.8822958261E+01 
9.047060462E+00 
3.948988516E+00 
2.650009355E+00 
1.865266618E+01 
3.5359031111E+01 
1.1064236701E+01 
2.5505874879E+01 
1.2811801156E+01 
3.3415823E-01 
1.4304605816E+01 
8.01991743E-01 
8.79112092E-01 
6.294515541E+00 
7.555872161E+00 
5.175574041E+00 
8.575309574E+00 
7.650793083E+00 
2.8083333E-02 
1.3016693336E+01 
7.932541553E+00 
7.628868549E+00 
1.5808411486E+01 
1.65380871E+01 
1.6331178294E+01 
1.1814166814E+01 
4.496476552E+00 
4.541261179E+00 
7.883584868E+00 
6.253713E-03 
2.0090226E-02 
9.888164564E+00 
8.504747075000001E+00 
1.2924328641E+01 
3.02835523E-01 
7.158604153E+00 
7.160277644E+00 
3.835903999E+00 
2.0190451102E+01 
1.5730602774E+01 
8.351700672E+00 
2.9617112199999998E+00 
1.683452544E+01 
2.866832187E+00 
8.946059456E+00 
2.300608338E+00 
5.199127797E+00 
1.2926119277E+01 
9.250534927E+00 
3.573959121E+00 
2.6095792286E+01 
7.465031814E+00 
1.2325231269999999E+00 
2.7065273739E+01 
3.77777515E-01 
8.99502436E+00 
7.435073901E+00 
2.2570837041E+01 
1.249783967E+00 
2.3661201754E+01 
1.273637202E+00 
2.495441816E+00 
7.69724623E-01 
6.816540418E+00 
2.6398174193E+01 
1.3704301703E+01 
2.2721701503E+01 
4.001547157E+00 
4.1223562485E+01 
3.554242473E+00 
2.1800802712E+01 
3.26673759E+00 
5.577899697E+00 
2.606628831E+00 
2.6779531846E+01 
3.2523080165E+01 
1.8684987400000002E+00 
4.55116734E+00 
2.3650647566E+01 
1.3853213951E+01 
1.80453038E+00 
3.189639501E+01 
9.27628229E+00 
3.001873519E+01 
1.7301408870000001E+00 
1.471501546E+00 
2.846458487E+00 
1.0060881878E+01 
2.340431898E+00 
2.64225481E+00 
2.8169472257E+01 
1.1679606439999999E+00 
3.7646475807E+01 
6.4518988578E+01 
2.321388284E+00 
8.09563029E-01 
7.5185274657E+01 
1.5676241459E+01 
5.4397643221E+01 
1.8446702240000001E+00 
1.4539296665E+01 
2.4506744662E+01 
5.18512949E-01 
1.29758413E+00 
1.9239859687E+01 
3.58916805E-01 
2.7508407E-01 
5.01986069E+00 
9.964014224E+00 
9.429708647E+00 
6.169816263E+00 
9.438220289E+00 
4.640661162E+00 
2.302466827E+00 
8.222539534E+00 
3.818733955E+00 
3.9284532E-02 
1.80423092E+00 
1.561246854E+00 
2.21578594E-01 
6.730054691E+00 
3.91407681E-01 
4.3226135E-01 
4.74221599E-01 
7.58245542E+00 
2.3492918296E+01 
1.1876544083E+01 
7.014046944E+00 
7.350988198E+00 
7.005469347E+00 
1.9466171289999998E+00 
6.956514621E+00 
1.291601802E+00 
6.135238942E+00 
5.750913768E+00 
1.078309537E+01 
1.0724631685E+01 
8.217021296E+00 
7.584699666E+00 
7.217869659E+00 
4.111629802E+00 
1.0577601395E+01 
1.1417200748E+01 
1.0940361119E+01 
1.71592765E-01 
2.282424648E+00 
1.3901770874E+01 
2.4490092989E+01 
1.492109371E+01 
5.821684963E+00 
8.900616006E+00 
3.5952164829999997E+00 
1.5772595889E+01 
5.984819376E+00 
1.2058692639E+01 
7.341849528E+00 
3.640193796E+00 
3.10941521E-01 
3.211078496E+00 
7.078138405E+00 
1.6122929439E+01 
2.8088815005E+01 
1.7471207117E+01 
5.41610849E-01 
7.063425363E+00 
1.7981555201E+01 
3.092977872E+00 
1.3152693850000001E+00 
6.873586629E+00 
2.5207153453E+01 
5.5738589211E+01 
1.1316259353E+01 
7.67135561E-01 
4.892910681E+00 
1.9241143522E+01 
3.759355561E+00 
4.0621985482E+01 
3.2923035317E+01 
2.4747684316E+01 
6.4036633432E+01 
3.622723842E+01 
2.7024633234E+01 
6.5678616199E+01 
3.246594511E+00 
5.66929923E+00 
1.4768867691E+01 
1.6904408723E+01 
1.7826287111E+01 
1.7522558952E+01 
1.7572701102E+01 
2.3571231425E+01 
2.5589694129E+01 
2.872499635E+01 
2.962892494E+01 
2.7737639875E+01 
7.193511398E+00 
9.207064729E+00 
1.3176758074E+01 
3.7164012055E+01 
4.2226571649E+01 
3.2432694235E+01 
4.405651398E+00 
6.9961632510000005E+00 
2.7191588142E+01 
2.65876438E-01 
4.435544916E+00 
1.1771477444E+01 
2.7158394249E+01 
3.052548572E+00 
1.0123869822E+01 
1.87840685E+00 
5.369243836E+00 
2.18312351E+01 
1.4313410569E+01 
2.912516572E+00 
1.1998643728E+01 
6.786769971E+00 
2.575770466E+00 
6.349896526E+00 
3.8768513540000002E+00 
9.977337125E+00 
3.27760747E-01 
8.037544677E+00 
9.519363936E+00 
4.931080476E+00 
1.6835130634E+01 
1.2601120513E+01 
4.035448844E+00 
3.7248346805E+01 
3.914311037E+00 
3.7541335506E+01 
6.93126811E-01 
2.5413600425E+01 
3.248288731E+00 
1.2150777867E+01 
9.687836634E+00 
2.8659922547E+01 
1.176185755E+00 
2.88216955E+00 
1.2419245523E+01 
4.883920987E+00 
1.39701135E+01 
7.8972103879999995E+00 
2.9980340955E+01 
1.3710310871E+01 
4.7540530236E+01 
1.0139903555E+01 
9.10197134E-01 
3.518435946E+00 
1.8930437709999999E+00 
1.4696958929000001E+01 
2.522903547E+00 
2.309051792E+01 
4.67759293E+00 
2.5855254193E+01 
1.5698764177E+01 
2.79675375E+00 
1.7722855732E+01 
3.5172117781E+01 
4.32472782E-01 
2.932025078E+00 
1.720241667E+00 
8.609476011E+00 
3.348369614E+01 
1.3288234679E+01 
6.488058186E+00 
6.20250758E-01 
2.43756887E-01 
8.271980388E+00 
1.1035301901E+01 
5.922001287E+00 
3.4428695808E+01 
1.085181237E+00 
6.2125843E-02 
4.882081622E+01 
8.791751881E+00 
4.2071174789E+01 
1.165270707E+00 
9.756305417E+00 
5.6652125686E+01 
1.879001396E+01 
1.2907440417E+01 
3.233459004E+00 
1.7175894537E+01 
3.5522137498E+01 
3.4841810863E+01 
2.755239001E+00 
4.062967378E+00 
4.1392163437E+01 
7.71404803E-01 
5.8192677689E+01 
1.088230542E+01 
1.1134716078E+01 
6.380470894E+00 
2.459754464E+00 
2.0809912556E+01 
5.31666379E-01 
1.5599829806E+01 
2.8765518258E+01 
1.1435117912E+01 
2.5112029001E+01 
1.1836029932E+01 
4.354527323E+00 
1.3270865449E+01 
1.61958009E-01 
1.9187791605E+01 
7.308863125E+00 
9.2295092586E+01 
4.026943956E+00 
5.6178224652E+01 
1.8533826751E+01 
1.5311252373E+01 
2.8383946614E+01 
3.870304537E+00 
4.428699502E+00 
4.579360441E+00 
1.4663474389E+01 
5.722784557E+00 
4.9321823691E+01 
2.075521104E+00 
1.97379967E+00 
3.6079621116E+01 
7.249680128E+00 
3.6331610276E+01 
1.7829575041E+01 
3.015249385E+00 
3.79720551E+00 
3.705097603E+00 
3.211300705E+01 
1.3237974975E+01 
4.74463084E-01 
7.074909948E+00 
6.75071711E-01 
1.4780807625E+01 
4.4828862113E+01 
4.0491030756E+01 
8.199178901E+00 
1.0159327645E+01 
3.8143304E-02 
1.01605198249E+02 
3.903150528E+00 
6.876668943E+00 
3.416769027E+00 
1.3743456186E+01 
8.344445356E+00 
7.239038533E+00 
2.3469893106E+01 
3.9710483E-01 
2.3481907101E+01 
4.2069512369E+01 
5.94305376E-01 
1.8764862417E+01 
5.831504622E+00 
2.4389474643E+01 
9.564859517E+00 
3.2525832645E+01 
5.296731956E+00 
1.4674862873E+01 
1.6149854511E+01 
8.925790876E+00 
1.2085871407E+01 
5.205252619E+00 
1.6133134925E+01 
7.6381442717E+01 
2.770956988E+00 
3.1306809821E+01 
2.3257460397E+01 
5.8767854977E+01 
5.678554546E+00 
4.1907181659E+01 
2.5736342509E+01 
4.111439828E+00 
1.8098277607E+01 
8.122109877E+00 
1.2000707975E+01 
6.025564526E+00 
2.2307050262E+01 
8.36018406E-01 
2.9152997072E+01 
6.2620612613E+01 
2.8144461402E+01 
8.889212259E+01 
5.768658291E+00 
1.5691520846E+01 
2.9718313171E+01 
6.460237868E+00 
5.203540719E+00 
7.147759564E+00 
1.457741386E+00 
1.699536495E+00 
6.69211902E-01 
2.61833325E+00 
2.5839210599999998E+00 
3.3589076631E+01 
2.5692162207E+01 
1.1758756245E+01 
2.257554655E+00 
1.3105813177E+01 
1.6593770344E+01 
1.9740590635E+01 
1.3513358781E+01 
8.743246792E+00 
4.0916735626E+01 
4.90438279E+00 
2.7534838035E+01 
3.9283485018E+01 
1.400057988E+00 
4.2416991054E+01 
2.0888972794E+01 
1.1763326987E+01 
1.0848846649E+01 
8.905395889E+00 
3.1777467727E+01 
6.7460513479E+01 
5.9659241E-02 
5.6342363E-02 
7.046646774E+00 
6.935166633E+00 
7.204890458E+00 
3.251857415E+00 
4.048104883E+00 
4.384123302E+00 
4.536250954E+00 
4.176148202E+00 
5.167084187E+00 
4.430247886E+00 
4.934044375E+00 
5.797995851E+00 
1.0552153969E+01 
1.0494950424E+01 
1.0986407828E+01 
1.1114103918E+01 
1.8476584238E+01 
9.212357882E+00 
2.82577569E-01 
1.2697307317E+01 
2.963470858E+00 
5.133978706E+00 
7.69117677E-01 
5.933113889E+00 
3.835764687E+00 
1.7266155184E+01 
3.149829417E+00 
2.037264549E+00 
2.4012251107E+01 
8.535907922E+00 
2.669083091E+00 
6.591412055E+00 
9.933728775E+00 
5.88368145E-01 
9.616321577E+00 
1.248075864E+00 
7.330271077E+00 
1.4934130255E+01 
1.6118186764E+01 
3.049176538E+00 
2.4534956378E+01 
2.6675105885E+01 
3.3023863968E+01 
8.731470763E+00 
4.376255391E+00 
6.249643466E+00 
4.718041027E+00 
2.3835007790000002E+00 
2.991119921E+00 
4.155787195E+00 
3.26729945E-01 
7.093753214E+00 
1.2473327785E+01 
8.05983809E-01 
7.25012489E-01 
2.2464623870000002E+00 
1.3475139503E+01 
5.470498563E+00 
1.6765095319E+01 
1.7344051577E+01 
1.7353032239E+01 
1.7788000816E+01 
2.161733991E+00 
1.2067362293E+01 
1.0400371395E+01 
1.7560231258E+01 
4.906505107E+00 
9.005980519E+00 
3.3293384E-02 
2.921747711E+00 
8.234663464E+00 
5.452075E-03 
1.9741357532E+01 
1.2106932183E+01 
1.1849900866E+01 
1.5966129399E+01 
1.90781447E+01 
1.4978879161E+01 
3.7695469775E+01 
2.89847392E+00 
1.635486466E+01 
1.7301826886E+01 
8.9448124E-02 
2.6272965749E+01 
1.2070639819E+01 
1.6882981782E+01 
3.999018087E+01 
2.3427382579E+01 
3.791647147E+00 
3.932581446E+00 
1.1011243138E+01 
8.186182699E+00 
1.315694535E+01 
8.713442742E+00 
1.00646501E-01 
2.858362086E+00 
5.173642476E+00 
5.651340359E+00 
1.01788208E+00 
1.153545795E+00 
2.036852701E+00 
9.24560077E+00 
7.278914021E+00 
4.80740147E-01 
4.405018614E+00 
8.389628374E+00 
1.07584473E+00 
1.4185671316E+01 
8.582359836E+00 
9.02615037E-01 
3.655558231E+00 
6.293411414E+00 
1.7902474862E+01 
1.3910351585E+01 
8.854802116E+00 
1.7402186356E+01 
1.5254242358E+01 
1.2977756277E+01 
1.5531172788E+01 
1.4140759944E+01 
2.952935977E+00 
3.984289812E+00 
3.860735682E+00 
4.814550734E+00 
4.3578594188E+01 
5.498571728E+00 
1.6420602046E+01 
1.057514601E+01 
2.0596534201E+01 
1.655305833E+00 
1.0257749905E+01 
1.10530439E+00 
1.5337573058E+01 
8.03116728E-01 
2.2586732664E+01 
5.975122998E+00 
1.2599004649E+01 
4.936781125E+01 
4.17834931E-01 
3.833639389E+00 
1.408424317E+00 
1.1183318011E+01 
1.9275664695E+01 
1.9011899081E+01 
4.76541473E-01 
4.17293757E-01 
3.73343702E-01 
1.918132918E+00 
8.70309342E+00 
8.682951662E+00 
8.445859872E+00 
1.6488735421E+01 
9.723122906E+00 
7.147317104E+00 
1.3287224388E+01 
3.154789956E+00 
7.72551117E+00 
4.383156518E+00 
7.031830974E+00 
7.42344198E-01 
8.100935176E+00 
1.3345336368E+01 
2.6150212257E+01 
1.7064559633000002E+01 
6.253503805E+00 
8.297745464E+00 
8.901336492E+00 
1.5190984901E+01 
1.5054704621E+01 
9.442751636E+00 
2.2420465753E+01 
2.4553342817E+01 
7.4495789E-02 
1.5028896526E+01 
1.0425887639E+01 
1.9202391680000002E+00 
1.1849992278E+01 
6.485444779E+00 
7.817045064E+00 
3.205631299E+00 
7.66960674E-01 
9.05638353E-01 
3.963571258E+00 
3.5125099029999998E+00 
3.039565838E+00 
6.278435332E+00 
9.055252145E+00 
5.8016918440000005E+00 
5.802367921E+00 
5.929710452E+00 
1.198586463E+00 
1.4774750939999999E+00 
1.73923287E+00 
1.515659566E+00 
4.207306242E+00 
2.635738561E+00 
2.769872303E+00 
8.846611698E+00 
7.827032142E+00 
1.3431839803999999E+01 
1.0757083598E+01 
8.805081164E+00 
1.3627300333E+01 
1.6717808719E+01 
7.11609737E+00 
1.521087671E+01 
1.195156836E+00 
1.1708852946E+01 
7.91661213E+00 
4.924409804E+00 
4.53276E-01 
6.875851553E+00 
5.430565608E+00 
2.4435307194E+01 
4.901269178E+00 
2.8438799E-01 
5.667945364E+00 
8.688782193E+00 
9.937113381E+00 
3.414321166E+00 
8.64314154E-01 
1.7540281646E+01 
3.567525719E+00 
6.828472E-01 
1.0775045146E+01 
5.086055916E+00 
2.9281215107E+01 
2.0629453984E+01 
1.3364409073E+01 
5.50545547E-01 
2.3289455753E+01 
2.5591636381E+01 
5.535305603E+00 
4.199517554E+01 
1.3922382265E+01 
8.157693064E+00 
1.5337055096E+01 
1.1354011081E+01 
1.038814276E+00 
3.016270979E+00 
2.54642552E-01 
4.296207238E+00 
1.6702314864999998E+01 
1.1093623393E+01 
4.8527243E+00 
3.008497825E+00 
2.54256382E+00 
8.03172095E-01 
1.3279746116E+01 
9.583656892E+00 
1.0384645237E+01 
4.196286013E+00 
5.533127838E+00 
1.377781428E+00 
3.125949385E+00 
7.877073E-02 
3.5952721629999997E+00 
4.208013504E+00 
9.448286917E+00 
3.675851975E+00 
6.246319558E+00 
6.263148249E+00 
6.865949216E+00 
2.686645663E+00 
1.9902168808E+01 
6.703959299E+00 
2.8696554331E+01 
3.32586727E-01 
7.967035528E+00 
2.210675259E+00 
4.7845371698E+01 
2.9144746621E+01 
2.1705476119E+01 
2.5721893369E+01 
1.4282602518000001E+01 
2.862284957E+00 
3.8546549346E+01 
3.5570476905E+01 
3.7726313973E+01 
1.2588867273E+01 
6.169840393E+00 
2.708779636E+00 
7.268579584E+00 
2.4451969848E+01 
9.963539358E+00 
1.795666757E+00 
4.0611482859E+01 
1.7100835852E+01 
3.7817609169E+01 
1.371046386E+01 
2.9658736091E+01 
4.9049998562E+01 
3.2704678738E+01 
1.1560720659E+01 
4.241630535E+00 
7.342009711E+00 
6.9304972338E+01 
3.02628996E+00 
1.7266961861E+01 
2.4655159594E+01 
2.6426108355E+01 
1.025058002E+00 
4.914304178E+00 
2.1702593303E+01 
6.949234951E+01 
5.2002578606E+01 
7.46228852E-01 
2.3874916837E+01 
4.0891604866E+01 
1.9896302092E+01 
1.07517812E+00 
9.291114076E+00 
2.7871579997E+01 
3.8192569997E+01 
4.6575724655E+01 
2.250502785E+01 
1.0697566036E+01 
3.7898922170000002E+00 
7.3484011309E+01 
1.693669066E+00 
1.818402137E+00 
2.148009343E+00 
5.4693948091E+01 
1.209086896E+01 
1.2431126351E+01 
1.6659013445E+01 
6.5210519298E+01 
1.83455317E-01 
